Timestamp,FX_Base,FY_Base,FZ_Base,MuX_Base,MuY_Base,MuZ_Base,TCP_X,TCP_Y,TCP_Z,TCP_RX,TCP_RY,TCP_RZ
0.0,1.7010920985620728,0.5281217721324698,-4.71805796029045,0.23039690619010755,-0.1865421204380474,-0.14107794380741204,-0.3996204169454406,-0.087458205680117,0.4119796403914771,1.4165990911854645,-0.9400227621526602,-0.8895028692724072
0.002,1.672998297588519,0.6293083276924607,-4.60206240576645,0.22758061916575606,-0.18886108005608498,-0.1342308394016429,-0.3996366361944718,-0.08746573738116149,0.4119986374915415,1.4165866310468556,-0.9399891764603178,-0.8895012733397872
0.004,1.3480670182645056,0.9109833298385164,-4.750968022442836,0.23802480397978265,-0.18843424888797033,-0.12526463226712642,-0.399625033479976,-0.08747698730427053,0.41200529385232537,1.4165722719396996,-0.939969239174803,-0.8894460923272695
0.006,0.9942446008505801,0.8929012645480856,-4.792131464736949,0.23769608467781222,-0.19785376798842697,-0.12671402175164365,-0.3996290404647275,-0.08744557772950672,0.41196885894085566,1.4165818404858812,-0.9400766789692212,-0.8894868889331005
0.008,0.7072193108385992,0.42109194427560137,-4.7802719908743665,0.25510469719962303,-0.22536371885035628,-0.13354463945523787,-0.3996305142324661,-0.0874455814947116,0.4119984682287368,1.4165492402732895,-0.9400107591171886,-0.8895178338565898
0.01,0.8318908428910645,0.0736011212131786,-4.337987897261611,0.2651768644895208,-0.2435317732806173,-0.11724554181145729,-0.39963386571142134,-0.08746902735739788,0.41195043091443684,1.4166503615885526,-0.9400007108193149,-0.8894727600049335
0.012,0.9493648034343513,0.13458149175899342,-4.491420519109581,0.2594240889117475,-0.21673731318859954,-0.11052195683362541,-0.399624251898044,-0.08745527720361368,0.41197721490562167,1.4165651114290647,-0.9399701921261634,-0.8894839494377109
0.014,1.408007535024065,0.2119521599247065,-4.0121986692470415,0.2538952050170175,-0.18486682455091458,-0.11744363646760617,-0.39961648372655967,-0.08745250868436422,0.41196959123096255,1.416555031757317,-0.9399859304485279,-0.8895094391510316
0.016,1.852086942518445,0.568236335831897,-3.1023149621160906,0.22374729793715817,-0.15554271116365848,-0.12017285354955974,-0.39962059968575286,-0.08744935198256859,0.41195500183057243,1.4164929363848666,-0.9399560284016469,-0.8895059797156153
0.018000000000000002,1.927132351036525,1.0004931873104863,-2.4626118261255043,0.20153015088731188,-0.1458541756915894,-0.12661089194392613,-0.3996160101527742,-0.0874428230761749,0.4119692976806679,1.4163445603672122,-0.9399493578009696,-0.889540528010062
0.020000000000000004,1.9458554986874996,1.4902045511218724,-1.9661235342913506,0.19132943452280055,-0.14448573880123267,-0.11821576327021474,-0.3996008552675762,-0.08747342874343739,0.41193585387334813,1.4164662170384976,-0.9398746867268892,-0.8894627183831523
0.022000000000000006,2.1443075500127797,1.123746521226094,-1.9062154920895056,0.1916091067661656,-0.12066761592554104,-0.13078710471141278,-0.3996012947082872,-0.08745779356759047,0.4119544294033419,1.4163466970274148,-0.9398433114481561,-0.8894767589403166
0.024000000000000007,2.006698000010296,1.131713757129477,-2.1265135503643573,0.1918124778703152,-0.10762442198601332,-0.12794867610016258,-0.3995965224986702,-0.0874244928150398,0.4119294942130047,1.4162771472899538,-0.9399374696682319,-0.8895682133895991
0.02600000000000001,1.7627382627125896,1.4610947213951238,-2.2486206545577407,0.20574854059104,-0.1191669240601536,-0.11690693082395903,-0.3996078496160892,-0.08743882339695445,0.4118725741342123,1.4164405971948724,-0.9399386595463064,-0.8895114700904833
0.02800000000000001,1.2394229101887395,1.7073610706284175,-2.4951095315380694,0.21026453526772426,-0.16372117590672716,-0.11381296302906173,-0.3995989066724068,-0.08744617059386303,0.4118739504457069,1.4163602558290374,-0.9399243375188806,-0.8894786335612576
0.030000000000000013,1.6457606718421807,0.7047729668986056,-2.982568302865169,0.20670240676979318,-0.15689915459310097,-0.1441221988037053,-0.39961479326227034,-0.08744025427001695,0.41182899214830354,1.416384845795867,-0.9399539011389826,-0.8894890056613609
0.032000000000000015,1.5679193009138437,1.0623074737176046,-3.2451911862276943,0.20775701511148828,-0.14675729180063118,-0.12807201415739422,-0.3996023536987473,-0.08742111446453048,0.4118223258955718,1.4163539032413643,-0.9399436634258055,-0.889580500420652
0.034000000000000016,1.7093373834404755,0.6226576465662029,-3.0676896834837084,0.21902808720122158,-0.16394171194844379,-0.13129021897342633,-0.3996010322389008,-0.08743186267392289,0.4117615612451575,1.4165053074411476,-0.9399617138578945,-0.889572517154055
0.03600000000000002,1.838258763517584,0.38117801287350844,-3.4328601590199983,0.22040234822897858,-0.16459479223806972,-0.12517508216320802,-0.39959720283919475,-0.08744270807130898,0.411748847102268,1.4164945549661119,-0.9399178756458778,-0.8894856532311637
0.03800000000000002,1.9152655796523523,0.5556827969585989,-3.5249355662603246,0.2260845784245638,-0.17098630622136646,-0.12214155774819774,-0.39959844077992634,-0.08742928384023343,0.4117199034232842,1.4164584687161312,-0.9399366710621683,-0.8895174442405389
0.04000000000000002,1.9098414469562088,0.769134130105886,-3.515387726911199,0.2237274593140989,-0.16507461022614084,-0.12513316541647646,-0.3995951926988024,-0.0874563589365484,0.41171246682147034,1.4164296048040772,-0.939922642766982,-0.8894652869009949
0.04200000000000002,1.7477696150748914,1.0013032564183815,-3.81961578052141,0.2175217084386224,-0.16693894207853144,-0.12957562645443116,-0.3995888172948994,-0.08741557309970194,0.4116545371845122,1.416492384452234,-0.9400185205784749,-0.889541807708537
0.044000000000000025,1.3728822396063785,1.2061245233378797,-4.133578633236,0.21556721635683934,-0.18047491595978443,-0.12315366330792665,-0.39960447442524505,-0.08743727594889306,0.4116207980709103,1.4165024846551213,-0.9399735454464436,-0.8894731710444009
0.04600000000000003,1.3131809157125869,1.1640843050800498,-4.273952017866091,0.22444323409350186,-0.19093855240018914,-0.12412339552169181,-0.39959901817747034,-0.0874117062298431,0.4115938828400856,1.4164857064438232,-0.9400219258418562,-0.8895495175934719
0.04800000000000003,1.4437613488321255,0.7456093010058142,-4.4920720230530105,0.23049291326288426,-0.188967422564077,-0.1369042151423689,-0.3996020614621765,-0.08741546719434332,0.41156788084343476,1.4164917697444113,-0.9400034023102091,-0.8895624424284385
0.05000000000000003,1.7589144965821202,0.2860448690043099,-4.575211961744434,0.23955354578291427,-0.1843867382057262,-0.14343433506387598,-0.39959523005018915,-0.08741257426755208,0.4115154189182307,1.41654132779752,-0.939984171564923,-0.8895674130400589
0.05200000000000003,1.6705545155123402,0.5044720180151601,-4.549082095086068,0.23843041280259133,-0.1820071507651581,-0.13285424983292143,-0.39959531115738794,-0.0874023778737485,0.4115106475259735,1.416425379203456,-0.9399861120989648,-0.8895821531864385
0.054000000000000034,1.4852624767909166,0.9017177132230676,-3.902466329321777,0.23306012725452124,-0.19243833380329212,-0.12896290028735222,-0.39959627120770064,-0.08741133528512506,0.41145357034172303,1.4164997670890518,-0.9399854772956251,-0.8895434138604087
0.056000000000000036,1.54892246803494,0.7687230962862095,-4.009280065343543,0.22999066262432388,-0.1793371042094454,-0.1338163048955992,-0.3995926556007092,-0.08741860513833222,0.4114199999752489,1.4164729429742364,-0.9399837956175376,-0.8895521665049767
0.05800000000000004,1.5421443534245107,1.0407631361247225,-3.742344109515408,0.22240164729159584,-0.17500560272018675,-0.13258440995203177,-0.3995977707968783,-0.08742456450678254,0.4113607586938436,1.4165488225689495,-0.9400519758722219,-0.8895432773140478
0.06000000000000004,1.3904986117055804,0.3228090220591182,-4.263820655383605,0.24994271054865808,-0.197442728773902,-0.11978912643728933,-0.3995871022419305,-0.08740771329712786,0.4112238251121338,1.4164016516313784,-0.9399507888873857,-0.8895230730284079
0.06200000000000004,1.3689839318830779,0.2996233240273215,-4.572471570382345,0.25477926319125843,-0.20525339499432893,-0.11522630006723304,-0.39958212088791367,-0.08740716487596006,0.4111665994914706,1.4164145198070728,-0.9399536219864376,-0.889555631776778
0.06400000000000004,1.552248984898306,-0.41550829361301206,-4.621010386090355,0.25467391992311883,-0.2115009351421388,-0.13324965187280255,-0.39958614595174047,-0.08738827320975534,0.4111453451711663,1.4163101713047943,-0.9399772838596478,-0.8896294633413184
0.06600000000000004,1.6087867041921955,-0.1131888343977388,-4.555252234372879,0.25615310301224814,-0.22072720946814467,-0.12843030804848532,-0.3995846637341858,-0.08739419944886538,0.411076826125019,1.4163455966798355,-0.9399907825685656,-0.8895671935515466
0.06800000000000005,1.5740929231352627,0.009765547015434972,-4.099908311005944,0.2518119393386935,-0.2275163144607247,-0.12777206582800046,-0.39957909954578896,-0.08738175727453601,0.41102835677028043,1.4162571330356355,-0.9399484984288837,-0.8896442670772151
0.07000000000000005,1.6741340461685685,0.4284504849586016,-4.001499391145059,0.23965011729489838,-0.200881315260003,-0.1242660164009682,-0.3995742980659742,-0.08738363306395491,0.4109828323046358,1.4162263365075638,-0.9399431042227192,-0.8896436197819968
0.07200000000000005,2.072307371178165,0.38341615228020004,-3.21300072481551,0.23437521793012345,-0.1759244610994018,-0.12934810026829088,-0.3995743874618953,-0.0873667746555634,0.41090371669663284,1.4162247671358321,-0.9399359044848866,-0.8896502392623629
0.07400000000000005,2.1899365580326093,0.9703747620478513,-2.469406348017621,0.2148184384136434,-0.1421187261781569,-0.1204326135101563,-0.3995852376142914,-0.08737318873984679,0.41086418634871896,1.4161302212694102,-0.9399157360813389,-0.8896732109977387
0.07600000000000005,2.533036967791397,0.9660075251795663,-1.8365743563588022,0.18991675984805662,-0.10246475616678744,-0.12663432756071147,-0.3995618857125814,-0.08737889246247982,0.4108431775290929,1.4160214680110148,-0.939810061169184,-0.889627414416256
0.07800000000000006,2.4866649870746294,1.6694094152887962,-1.2033869361637735,0.1544115201045224,-0.07091822118722223,-0.12249116943476826,-0.39956861334457583,-0.08737483472476071,0.4107584872611679,1.416052158720708,-0.9398449788988906,-0.8896389908549656
0.08000000000000006,2.762924172453055,1.5910211206971372,-0.569578156417814,0.14298989012906602,-0.06351855247741134,-0.14298146037045856,-0.3995737164725223,-0.08735864954990093,0.4107074594462238,1.4159978729439098,-0.9398747252652486,-0.8896881475364304
0.08200000000000006,2.7193868198985096,1.7728397150723556,-0.6481419775788809,0.13679719245967556,-0.05431717262556976,-0.1455293245867314,-0.39957704336770855,-0.08736728057775722,0.41063406851938583,1.416020840646443,-0.9398787443976696,-0.8896383305728661
0.08400000000000006,2.5294882196086683,1.7130112214838777,-0.797714145822218,0.1516054064235132,-0.06925256855803852,-0.14294718793756994,-0.3995855221159285,-0.08737662298375601,0.41056699719382966,1.4160404437358682,-0.9398934391466668,-0.8896492125389712
0.08600000000000006,2.3489048098459464,1.7063590726114297,-1.210045631177488,0.16410487821315023,-0.09728598009155914,-0.14346588042400268,-0.39957865887423716,-0.08735215153033174,0.4104822081222514,1.4161438655387977,-0.9399370232260327,-0.8897133174202194
0.08800000000000006,1.7218134543720975,1.283771394675723,-1.9890813437603616,0.1832227707292402,-0.12150901327899888,-0.1408922484974681,-0.39960096587566085,-0.08736445215391123,0.4104119452059265,1.416196268104667,-0.9399781394785552,-0.8896809923776939
0.09000000000000007,1.2319436950349982,1.2042026822607057,-2.535146251400467,0.20576779561469374,-0.15702912103337113,-0.13202617106910175,-0.39960353664068543,-0.08735698648431581,0.4103245793402779,1.4162765783954399,-0.9400579172081363,-0.8896545396599482
0.09200000000000007,1.9286382619623854,0.9925613206971121,-2.7509122224470115,0.17320548676843645,-0.13673864426483906,-0.11972060885498802,-0.3996011879856951,-0.08733339411900223,0.40977610731610103,1.4162429679311017,-0.939988246437761,-0.8897355536804897
0.09400000000000007,2.444898018892651,1.1832524522429217,-2.2178511829248126,0.16460681902912863,-0.11027282705368402,-0.13550322943116822,-0.39960131395953014,-0.08735824978793838,0.40970229778034095,1.4161792000722386,-0.9399328010521905,-0.889697034136329
0.09600000000000007,2.5830708071824313,1.459760033574342,-1.8235000816568867,0.13786100050944922,-0.09331000750356692,-0.14178212142686847,-0.39960489518546294,-0.0873437882279968,0.4096144580714496,1.4161507240350242,-0.9399719936770441,-0.8897049702808181
0.09800000000000007,2.3609379485448936,1.6829664738480785,-1.7203930114345547,0.13291883871047686,-0.0978152524205639,-0.14194712609709795,-0.3996155313444511,-0.08732780867670903,0.40952012267884125,1.4162038668899615,-0.9400366956637037,-0.8897954448904943
0.10000000000000007,2.091212272956656,1.5712575025998174,-2.4201800190599485,0.13737632696338375,-0.10909941271040484,-0.1519803179710787,-0.3996253758058755,-0.08730128610137242,0.40940141433453,1.4162891313427357,-0.9401520549660696,-0.88977581448687
0.10200000000000008,1.6817500630842523,1.4430755270404734,-3.2905300674820284,0.16500249570477554,-0.13248905978522105,-0.15369117557211562,-0.39962471668812294,-0.08731922198593964,0.4092927346922705,1.4163760884085352,-0.9401634382217422,-0.8897399542413574
0.10400000000000008,1.3470885718723409,0.6345633049022951,-4.077074215127093,0.19416797041753317,-0.18301409373731095,-0.15722028202697177,-0.399634500865067,-0.08733248033804017,0.4092236538605864,1.4163661583858744,-0.9401235477587664,-0.8897379586393899
0.10600000000000008,0.620046410032667,0.42051777161463944,-4.952420489103226,0.2213195013462671,-0.23455623469866063,-0.14212355913800792,-0.3996408171408735,-0.08733305185533125,0.40910642459251545,1.4164473976358216,-0.9401827052523667,-0.8897260730464529
0.10800000000000008,0.10596740503251977,0.17383247919891734,-5.701613231120541,0.2438185769451482,-0.28260818954637795,-0.12574922551256992,-0.3996493693817993,-0.08732130764644634,0.4090215010114511,1.4164393175364887,-0.940226428533865,-0.889726921252749
0.11000000000000008,0.1494532506327878,-0.30515536326187337,-6.278314217065934,0.2536176602036687,-0.3058867732516085,-0.11330697147800722,-0.3996413846820033,-0.08732271120123833,0.40892520272412713,1.416414697603076,-0.9401926192376637,-0.8897490156275976
0.11200000000000009,0.3449288055839027,-0.6267001822011842,-5.7276591422403875,0.24642573748974905,-0.31739754139340565,-0.1113528401930613,-0.39963656130850445,-0.08732430347255896,0.4088196364355641,1.4164834295861028,-0.9401688676088159,-0.8896985662286397
0.11400000000000009,0.889606249906044,-0.2972427657586918,-5.322938875030829,0.2189708459089434,-0.28152785456260626,-0.10488032062869962,-0.3996387565796854,-0.08730864492151395,0.4087064858874715,1.4164606766711243,-0.9402459099224643,-0.8897534134135818
0.11600000000000009,1.6890935271742424,-0.15650239714267267,-3.7848134922763803,0.19267428376558132,-0.21987523307509418,-0.11109509665817148,-0.3996451623819921,-0.08731581206351688,0.4086193814836893,1.416457991136475,-0.9401930400112427,-0.8897407449301699
0.11800000000000009,2.4247436309758226,0.4226329770668518,-2.790277270071662,0.15859047818362937,-0.15090986440660756,-0.11950706540927902,-0.39962494787001185,-0.08730172686636832,0.40852373115897544,1.4163698909115094,-0.9402018715717133,-0.8897684203896048
0.12000000000000009,2.7255629474363667,1.1939816092892812,-2.356981512683728,0.13240893143315902,-0.09474837711958506,-0.11916921267395515,-0.39963388980917575,-0.08727959193041773,0.4084112655006472,1.4163316123036427,-0.9402414260471053,-0.8897794867225781
0.1220000000000001,2.7756997608834983,1.4108941025804322,-1.80448101425785,0.1141211248079251,-0.0922477404461291,-0.12770236801915694,-0.39964980085305624,-0.08727841236047637,0.40832366337666504,1.4163578367696894,-0.9402747086269143,-0.8898696123699589
0.1240000000000001,0.41222136180891555,0.6098643919302037,-5.540894735952575,0.201973306206483,-0.2915452538950094,-0.17073166836880943,-0.39965287061616084,-0.08727996329935349,0.40784018857370785,1.416565385024483,-0.9403081604652258,-0.8897980608722097
0.12600000000000008,0.5499233485832851,0.11271718054875136,-5.455219209892891,0.21297385361094162,-0.30552997156139755,-0.14815506070320675,-0.39964168922387905,-0.08725531210339045,0.40777025751595125,1.4164004259683083,-0.9402966182198563,-0.8898844050553238
0.12800000000000009,1.1804391520907411,-0.31949324568835896,-4.354729915942099,0.18374381301222154,-0.2639942466894031,-0.14379638987085305,-0.3996434667747523,-0.087256909174983,0.4076437372406833,1.4164717700771494,-0.9402536017328977,-0.8898595763671014
0.1300000000000001,1.9625377229335317,0.31762896153118825,-2.9720416976431143,0.1443504364739124,-0.176529708734287,-0.12687893732161132,-0.39964167617412993,-0.0872396560329647,0.40751830160773317,1.4164295043132393,-0.940322777659221,-0.8898986657874591
0.1320000000000001,2.4910420229014543,1.234662241251573,-1.8306289054129614,0.11086656493806082,-0.10578254359222126,-0.1125610745541075,-0.39965026099051304,-0.08723195636697734,0.40737563687073264,1.4164745042182414,-0.940389012604413,-0.8899243814145317
0.1340000000000001,3.0069313112059404,1.4119361776301163,-1.156873887918683,0.09942611958705486,-0.07922065423968848,-0.11966579772302509,-0.3996548820554108,-0.0872521771252821,0.4072872659085527,1.4164459537576914,-0.9403080363919926,-0.8898736411178749
0.1360000000000001,2.6177678499024672,1.2322724553808686,-1.5592757288743584,0.0917161406818583,-0.10445170936902937,-0.13300986618270386,-0.3996676046031432,-0.08722999011102729,0.4071814240552493,1.4163930372689744,-0.9403727308254033,-0.8899268590252805
0.1380000000000001,1.9385310699218203,1.1269786559146955,-3.02182963506913,0.10571081001289054,-0.15270296096550973,-0.13745134514916846,-0.39965967993891616,-0.0872263526769738,0.4070440635320973,1.4164148057464832,-0.940347513785764,-0.8899257777934124
0.1400000000000001,1.230869821079057,0.5732414937586313,-3.974095604200425,0.13348928344858524,-0.21635860168246127,-0.14181340253672475,-0.3996699235364374,-0.08723444730580557,0.4069189494429426,1.4164520464511647,-0.9403646111084112,-0.8898605167922189
0.1420000000000001,0.8108020814346941,0.36304483772139423,-4.197894210117677,0.14753308514100916,-0.2649287642968358,-0.14401337068070313,-0.3996678947094753,-0.08722465281556774,0.40677892867555226,1.4165076819891875,-0.9404158613515835,-0.8898947424944088
0.1440000000000001,0.6764917715530294,0.6065142550246044,-4.259602080505899,0.15707467583549814,-0.27416405843649116,-0.1413312439163407,-0.3996932891556245,-0.08721629435789008,0.40663461583345556,1.4165426519020332,-0.940507978792094,-0.8899246295845004
0.1460000000000001,1.1534938095090257,0.9377195546084768,-3.436699292868986,0.15296464726741676,-0.23089967809393053,-0.15669617848975637,-0.3996713591392665,-0.08721081356169888,0.40653946771218064,1.4164702292446505,-0.9404692008472181,-0.8899068052998405
0.1480000000000001,1.5184093958852234,1.464520133045503,-2.706563377990959,0.12047141367210659,-0.16214859982210802,-0.15916425786152005,-0.39969766365788384,-0.08720283906269836,0.4063936001811538,1.416579623021616,-0.9404968226424386,-0.8899691481123673
0.1500000000000001,1.9431155285674366,1.617114125321749,-2.202630982521841,0.09459353700326821,-0.13163669690179775,-0.17772573953872298,-0.39968412343864695,-0.08721612756339192,0.40626391336129386,1.4165585486205226,-0.940462971377689,-0.8899271159453347
0.1520000000000001,1.979420033365807,1.5766493671990633,-2.2921189759319867,0.07955918462145002,-0.14101238292083174,-0.16162615824197687,-0.39969773428654404,-0.08721360707443337,0.4061290507419386,1.416587998677684,-0.9405033623369399,-0.8899538658422305
0.1540000000000001,1.1325350931893465,0.5489155117046438,-5.078837235782324,0.13737487155019873,-0.24472184518201637,-0.14467763491374652,-0.3996907188337001,-0.08717689753879099,0.4058637395250851,1.4165388397214826,-0.9405557216134459,-0.890032084494476
0.1560000000000001,0.8807982910697194,-0.08839798199995894,-5.852828222444426,0.17162556968984685,-0.30811867409252713,-0.13773596487189507,-0.39970328651521164,-0.08718788689703766,0.405707433705363,1.416629359683292,-0.9405844450708815,-0.8899830005705143
0.1580000000000001,1.969456521796618,0.7625202693530742,-4.272463450254272,0.12779627293208734,-0.19559969693255638,-0.15729510421341503,-0.39971912895484796,-0.08715670634531245,0.40500875316175683,1.4166244772951415,-0.9406174372268713,-0.8900677964787619
0.16000000000000011,1.6238330673969188,0.28942414174632314,-4.711206858534328,0.12822029833044085,-0.25146968479516757,-0.15236772077295516,-0.3996977461705102,-0.0871591216186772,0.40486156370010523,1.4165712824913184,-0.9405887119414927,-0.8900143644720637
0.16200000000000012,1.4308841672256116,0.4239362542983031,-5.029062785484222,0.1320191573789692,-0.2922336992392043,-0.14782401255291844,-0.39970997695527255,-0.08714862794780909,0.40472026666253624,1.4165817961422174,-0.940616378393436,-0.8901236411936826
0.16400000000000012,1.3825313718314178,0.5903457230678745,-4.888287704456888,0.11650906272196632,-0.26336307174309503,-0.1321423297042096,-0.39969840939629475,-0.08713783986463138,0.40457696736038884,1.4165228988177931,-0.9406377927123866,-0.8900841776207801
0.16600000000000012,1.9302197930335632,0.4233434891736923,-4.069352381980793,0.0973092768929695,-0.21077448118590547,-0.14797500699259392,-0.39971069094347433,-0.08714388364964087,0.40441881267229235,1.4165990784347917,-0.9405843168261686,-0.8900455833825585
0.16800000000000012,1.7601148991970132,1.049488462019998,-2.9818073883414913,0.09404318402830007,-0.17980849209893202,-0.1470890238871301,-0.39970980038971854,-0.08714495148272884,0.4042777553646661,1.4165389237399768,-0.9406400471466437,-0.8900558820135192
0.17000000000000012,2.051932282790399,0.9158065513142757,-2.7707413523626845,0.09658702131243611,-0.18198251781088806,-0.1627522313887017,-0.3997147429240905,-0.08713490614961086,0.40413940295578965,1.4165560523034102,-0.9405951444291838,-0.8901285466186911
0.17200000000000013,1.2764333086691824,0.7593955372312458,-3.846063416102793,0.11169475436758274,-0.21283045819961602,-0.15498794020734313,-0.39971572711572767,-0.08712788622468814,0.40398380938549266,1.416480293853065,-0.9405984193169873,-0.8901273552518366
0.17400000000000013,0.8686932063846855,0.244788273788346,-4.421083355455468,0.11751925019483121,-0.27438825191070354,-0.14271802453599775,-0.3997192424747627,-0.08710888880567164,0.40383312268123317,1.4164642356906865,-0.9406234518317186,-0.8901386629673161
0.17600000000000013,1.050253566934404,-0.14181053743403865,-4.16852398632657,0.10845193452414856,-0.28660325185432795,-0.13836153015367347,-0.39971486984806426,-0.08710971160882022,0.4037162945425727,1.4163308868286821,-0.9405896800436253,-0.8901908217975709
0.17800000000000013,1.4871640300136497,0.16576859775517971,-3.4657229825458775,0.0904273906761977,-0.2536557056304429,-0.12862069678945817,-0.39971217761614247,-0.08711066901029824,0.4035769807151066,1.4163431708183054,-0.9405237163751082,-0.8901753398296879
0.18000000000000013,2.4501532450512715,0.7886089922321308,-2.1632391937642077,0.06950867853239441,-0.17876417394131172,-0.1367175312848802,-0.3997184487870852,-0.08709045869278195,0.40343179672743856,1.4163182516429695,-0.9405590350456817,-0.8902321191930893
0.18200000000000013,2.770783504321317,1.48398538316094,-2.2936044318947166,0.04325042522332259,-0.11511713384660412,-0.16003227731587005,-0.3997111405240386,-0.08708757443128066,0.4032630651148398,1.4163614949547474,-0.9405441155713328,-0.8902387064033996
0.18400000000000014,2.7579402094068013,1.4487645800133169,-3.213046070043067,0.054317730976406964,-0.12403747673187264,-0.17292288502988595,-0.3997001316931454,-0.08705363960142676,0.40311239361150164,1.4162765087363827,-0.9406351006741178,-0.8902402910220515
0.18600000000000014,1.7120158077170071,0.9161659080150026,-5.55069901389897,0.07270998563685471,-0.27504086153716056,-0.16823934187214587,-0.3997013685216742,-0.08706307554689127,0.4027931904105603,1.4163996897141202,-0.940645154093327,-0.8902221298665897
0.18800000000000014,1.7120158077170071,0.9161659080150026,-5.55069901389897,0.07270998563685471,-0.27504086153716056,-0.16823934187214587,-0.3997013685216742,-0.08706307554689127,0.4027931904105603,1.4163996897141202,-0.940645154093327,-0.8902221298665897
0.19000000000000014,0.6015058395991286,-0.5077424569026259,-6.611576906707333,0.13233149882166434,-0.3593445487361113,-0.1373412290768302,-0.39972373968904007,-0.08703480812449549,0.40175923306486633,1.4164275058706515,-0.9407245901312163,-0.8903293639504919
0.19200000000000014,1.4702858594710961,-0.04204097089570602,-4.808133852893524,0.09985992433290736,-0.30073525680619195,-0.12089486613586364,-0.39972200523585544,-0.08702117384664215,0.4015915505224393,1.4164478182664524,-0.9407481602015145,-0.890338877713988
0.19400000000000014,2.3636169354550702,0.585138052653863,-2.756469268544727,0.07259465769682336,-0.1931461135003557,-0.14375659251464093,-0.3997334099106093,-0.08701595697349465,0.4014755244612058,1.4163290326297564,-0.9407279812517988,-0.8903445485386907
0.19600000000000015,3.036297722497837,1.561599726495253,-1.738819305818287,0.056575739385447715,-0.1147505618103233,-0.1527218200907215,-0.3997387964057514,-0.08701646320612239,0.40130005564866766,1.4163798482348091,-0.9407849035358592,-0.8903724880300954
0.19800000000000015,2.8211306544590484,1.9925420868422292,-1.664519820161812,0.0483763347322784,-0.09076637258095827,-0.15534574750325214,-0.39972027398445154,-0.08703063384362208,0.4011675889880321,1.4163681921469728,-0.9406036114871501,-0.8903265196744338
0.20000000000000015,2.793469046928567,1.4018469454422153,-2.004047530092375,0.046839866046278156,-0.12597297755565956,-0.16498609511577042,-0.3997348532469332,-0.08699219819583356,0.4010050805744005,1.4163617049658368,-0.9407736524431534,-0.8904126996604
0.20200000000000015,2.3348320139922434,1.4599347198444377,-2.640195636609148,0.03918430880722628,-0.17930656274688114,-0.15880849097958705,-0.3997234804034522,-0.08700026056428121,0.4008957351809887,1.416306154660111,-0.9406770859289529,-0.8904031492103203
0.20400000000000015,1.7145610306586707,1.7446200336335655,-3.577029381566249,0.05232882724176797,-0.20130442528280817,-0.1611967043048305,-0.3997436888734318,-0.08699927281174791,0.40071495361749865,1.4164095014226044,-0.9407850114052142,-0.8904202787653199
0.20600000000000016,1.4304591655305963,1.4453790060313867,-3.997478118539748,0.07686648540703594,-0.21907684991048237,-0.17333834485063862,-0.39973352141188134,-0.08701252259419619,0.4005569542225538,1.4165069210513714,-0.940777794205533,-0.8903747756568859
0.20800000000000016,1.2874417397600135,1.023151609883278,-4.524424593704187,0.09462428090835957,-0.239884514329642,-0.18229124008238304,-0.3997469121611175,-0.08698997034499045,0.400413269196383,1.4164626613512292,-0.9408526952640792,-0.8903760144611798
0.21000000000000016,1.0099154521637377,0.4899570562150325,-5.3993193445517775,0.12809733537897297,-0.26878532642643066,-0.17072339704864775,-0.3997438987046462,-0.08698480858521815,0.4002585829616955,1.4165032669682391,-0.940857523712526,-0.8904328796351403
0.21200000000000016,0.9205707766073825,-0.12011561768057064,-6.418232303151666,0.1483100246792889,-0.31118180579966126,-0.1602155346401137,-0.3997542741117097,-0.08697723390876869,0.400096404311122,1.416568692810831,-0.9409128703138794,-0.890397084146965
0.21400000000000016,0.98881467191885,-0.6552093259433778,-6.857646754727248,0.146201859870316,-0.33523750252328394,-0.14228128603301146,-0.3997586108847976,-0.0869902965131947,0.39995525864182235,1.4165802161758723,-0.9408415904410845,-0.8904174161368943
0.21600000000000016,1.2038078998053088,-0.7516750790931259,-6.924250403995588,0.14741660905813833,-0.34706277046171663,-0.13121087137966642,-0.39975643798238103,-0.08698382652530391,0.399810048852587,1.4166003930495197,-0.9408590709989222,-0.8903733808234368
0.21800000000000017,1.5182118040138677,-0.6758467261071491,-6.603673364368498,0.13786619070557787,-0.32397199025614476,-0.1305443641889988,-0.39974602795201847,-0.08694878106199785,0.3996581446555699,1.4165333585885684,-0.9409006630250045,-0.8904461787209286
0.22000000000000017,2.3527620819954804,0.016206532694429843,-5.631839139260272,0.12397513114321362,-0.2870490061457712,-0.13557184862147934,-0.39975396493910265,-0.08693978930367902,0.3995117156179564,1.416560881834945,-0.9409544310653203,-0.8905488718969086
0.22200000000000017,1.9249320274057824,0.6004610222104272,-5.705287279656465,0.12186847332642076,-0.2979404358090206,-0.15486065358849124,-0.39975916500090575,-0.08694922664883672,0.3989172922108354,1.4165184172284881,-0.9408988852294359,-0.8904944019075289
0.22400000000000017,2.272530487624379,0.9638292424040641,-4.893519509246647,0.09780375104768238,-0.2730543162241338,-0.16281773801495172,-0.3997730943056018,-0.08692017786371281,0.3987938769141195,1.416444462947648,-0.9409483217749336,-0.8905367183250209
0.22600000000000017,2.404803200354161,1.4630850940262652,-3.839536064246333,0.06221206710715051,-0.19121489531398497,-0.1702249429084244,-0.3997853484388887,-0.08695614804078858,0.39866084188949125,1.4164260450945592,-0.9409116490813453,-0.8905314065650036
0.22800000000000017,2.1723661299800945,1.6235289004768731,-3.1416979381022077,0.05972995658947033,-0.15455058052308582,-0.19926547378603068,-0.3997718757002985,-0.08693806289370853,0.39848324063732415,1.4164796090613527,-0.940956465478326,-0.8905265023385006
0.23000000000000018,1.3031700456684556,1.3270195886308593,-3.667537073008742,0.09250223334315773,-0.1970585040753735,-0.18814669305796333,-0.39978710217691593,-0.08695519152879558,0.39835930346032544,1.4164884637690807,-0.9408601906218744,-0.8904956005165243
0.23200000000000018,0.5963580542486223,0.2949823663210381,-5.009567913726946,0.12929366596121575,-0.2911267461022243,-0.1816878941563029,-0.3997821563907641,-0.08694438364307899,0.39823146770730694,1.416405428643525,-0.9408832769753565,-0.890587946572982
0.23400000000000018,-0.26678148733438783,0.04757496946232975,-5.952177140560364,0.13359006249165328,-0.34805643177495216,-0.14601024217683428,-0.39976631909859645,-0.08693895721991067,0.39809748139388434,1.4163557469885784,-0.9407811625239795,-0.8905407919289065
0.23600000000000018,-0.03437300651745295,-0.5218146125908063,-5.78133144074463,0.13572256703286434,-0.34585096938670623,-0.1312159958941232,-0.39978489537944933,-0.08693031369810457,0.39794103629746386,1.4163701528343298,-0.9408452188789889,-0.890572922973301
0.23800000000000018,0.546554526177457,-0.9735529820380208,-5.274422011007502,0.11636735955910604,-0.2821264476511734,-0.13848368971941166,-0.399786388213824,-0.0869261354929464,0.3977767099597038,1.4164500143732845,-0.940904982666503,-0.8905796275738491
0.24000000000000019,0.9742222691597406,-0.004643008556791173,-4.2452988432956165,0.10374430972272412,-0.24484150288865802,-0.12805359968955812,-0.39978018995666975,-0.08691351172696343,0.39764538144220624,1.4163542533802933,-0.9409136126972274,-0.8906151249334425
0.2420000000000002,1.551226287235779,0.03663338291235574,-3.582156369239665,0.10986307773235521,-0.23409582835905324,-0.14728610346648188,-0.39976454958392027,-0.08692479604278511,0.3974891642468285,1.4163867347006753,-0.9408520759742799,-0.8905625921733398
0.2440000000000002,1.2625308518762763,0.4220252407299516,-4.031738952998142,0.13154608402631285,-0.23634198896484934,-0.14996959683174244,-0.3997421821238627,-0.08689849264417704,0.3973644402996353,1.4162816680015027,-0.9408080661106072,-0.8905789963840789
0.2460000000000002,1.7012701064760027,-0.14119889165064242,-4.950187839584244,0.14644508863936662,-0.26571296104026276,-0.15156616845694218,-0.39975014398264475,-0.08690895750461061,0.3972112344292244,1.416294851329464,-0.9408253880044448,-0.8905987224094957
0.2480000000000002,1.7179390737916507,0.03825186249854551,-5.1247199373307755,0.11378014638039746,-0.2656821228261777,-0.11883414842876511,-0.3997488784374474,-0.08688198601991198,0.3970274837444963,1.4163735063121434,-0.9408622457666167,-0.8906269067412487
0.25000000000000017,2.8665798819638533,0.2587348707746203,-3.5736341065625776,0.09399043887353548,-0.19770169972452847,-0.14488804906516603,-0.39973766119364507,-0.08687394376308379,0.39677964484329264,1.4161368903404672,-0.9407580624100821,-0.8906608356058384
0.25200000000000017,2.6765690850976642,1.0053381577770526,-3.127559442264885,0.10823439603751821,-0.1609855994118344,-0.1625658598956714,-0.39974609738288275,-0.08684636608938374,0.3966387095801995,1.4160894944331073,-0.9408268732943932,-0.8907442119093915
0.25400000000000017,2.1523865275519705,1.2581617476327067,-3.664866818035082,0.11064711658392798,-0.17086329502452208,-0.1665029526561262,-0.39973123088871954,-0.08685058285142919,0.39649316511916155,1.416114097857574,-0.9407797480893487,-0.8907260165859363
0.25600000000000017,0.9003432931962247,0.7970916376210415,-4.961138603129556,0.11497452039019596,-0.27193722160785594,-0.1668666343001243,-0.3997561750639332,-0.08679143853849434,0.39543326190615796,1.415994304677912,-0.9409314926618066,-0.8908462400719641
0.2580000000000002,0.9744234101072751,0.41783255384165946,-5.607625361279251,0.10281032731373518,-0.30911375821782483,-0.16172391727192287,-0.39975328604900007,-0.08678910585108895,0.39525339222621325,1.4161221928831627,-0.9409518708682694,-0.8907994624524663
0.2600000000000002,1.962140747383674,1.1292353677935147,-4.720713113805647,0.07522116479425925,-0.24298921844531474,-0.16902577071918676,-0.39975049234594096,-0.08679540304808685,0.39496409585876524,1.4160674696693687,-0.9408803040644234,-0.8908191434440599
0.2620000000000002,2.1570530732882767,1.5285233698817213,-3.9525795407282347,0.07843178576073667,-0.2006983760430002,-0.17803112874965246,-0.3997603145065064,-0.0867796243782778,0.3947921975125995,1.4161419393455843,-0.9409681722089206,-0.8908805671023706
0.2640000000000002,2.076647149301775,1.5256497742814077,-4.401359269245444,0.10039497790972426,-0.20318905588219635,-0.19238974992338118,-0.39976312776757383,-0.08677722548979282,0.39469089117193357,1.4160045614007464,-0.9409055026896764,-0.8908839491420152
0.2660000000000002,1.713252932204586,1.4501849885616251,-5.782326001909311,0.12058372913114834,-0.251539396003669,-0.17108367634102895,-0.399768178663024,-0.08676327680213652,0.39453580166669927,1.4159979058360925,-0.9409390538928399,-0.8909233204808052
0.2680000000000002,1.5759490379269248,0.35784908628906503,-6.3185984905753685,0.12902802493832435,-0.29774662527866913,-0.1681007370867524,-0.3997528229390738,-0.08674240263900987,0.394391239174252,1.415983711887292,-0.9409299111263937,-0.8909727094869174
0.2700000000000002,1.4584243481026093,0.37683881750100684,-6.52325783731816,0.10854881190921287,-0.32334856290619407,-0.14857996945028562,-0.39977451403683234,-0.08678660722460171,0.39423613217334524,1.41603361416111,-0.9408997579027442,-0.8908665013773925
0.2720000000000002,1.6198403115874571,0.9736471537507785,-5.731730736217255,0.09420297261406305,-0.29192440058871666,-0.1342199220664831,-0.3997785367576372,-0.08676410417118047,0.39408460719445604,1.4159966027343382,-0.9409702754353145,-0.890932952174625
0.2740000000000002,2.3309239425907795,0.539056650795815,-4.408388437541048,0.09224726668014073,-0.2270840446956005,-0.16823467657346328,-0.3997803291511851,-0.08677087773557265,0.39393266855187387,1.4160341200620805,-0.9409089597136543,-0.8908808977925385
0.2760000000000002,2.057964563821783,1.3873088075145614,-3.627753282446973,0.09531257926421022,-0.19224159683092126,-0.164383282992778,-0.39979064374690076,-0.08674829432530151,0.39379507857839696,1.4159491021835429,-0.9409780874467114,-0.8909611589108515
0.2780000000000002,1.6604814043087233,0.9481169520809978,-3.9632852250255075,0.10533932200449901,-0.20525496996167525,-0.16354789291609564,-0.39978880577389186,-0.08676331845376276,0.39361581983853206,1.4160211183450464,-0.9409534439859663,-0.890939293998786
0.2800000000000002,1.281016190758547,0.5356901523028492,-4.640752873011612,0.11292092580832648,-0.25883340870367,-0.15468618575938947,-0.39979062358299494,-0.08675457021259901,0.3934978175255982,1.4159651436458507,-0.9409545947177026,-0.8909777005357099
0.2820000000000002,1.0788996200580052,0.4469680698148155,-4.201343360079202,0.1048807915328408,-0.28126738749058955,-0.13612003012978144,-0.39979162154389725,-0.08674849396423072,0.3933400595259449,1.4159530058533316,-0.9409364986468813,-0.8909803316180062
0.2840000000000002,1.435334171052745,0.2609735171590877,-3.690091817583515,0.07904003849202637,-0.24328777462623521,-0.14341674434578264,-0.39978699389722727,-0.08674015246294411,0.39318823650036866,1.4159914615250908,-0.9409728631678267,-0.8910188571647344
0.2860000000000002,1.7048856817938072,1.0102221868024133,-2.75868258837775,0.06929762583882751,-0.17313330381243075,-0.14597098170560693,-0.3997996699665044,-0.08675790512536179,0.3930270390792975,1.4160639322026347,-0.9409486671306498,-0.8909446144600263
0.2880000000000002,1.445865732863738,0.05655674931450322,-5.230698590861427,0.1110083494454806,-0.256349085638555,-0.14392800458009242,-0.3998179030014325,-0.08673884483025454,0.3921067888534699,1.4161675196094208,-0.9410749148161033,-0.8909765825159313
0.2900000000000002,1.5838369360241429,0.02625960063524274,-5.143191829110868,0.13095157189109508,-0.253514734853037,-0.15189008913427693,-0.3998255841138189,-0.08671083288755453,0.39195945055930675,1.4161325158365512,-0.9411258426342278,-0.8910233051350728
0.2920000000000002,1.4485769993829685,0.10686257843227909,-5.26591239254685,0.13362286263525935,-0.26473998255750164,-0.15965045055738458,-0.3998236079212943,-0.08671605575501527,0.39181233663897613,1.416160706709793,-0.941116268719713,-0.8910006094986308
0.2940000000000002,1.5076193002618612,0.19066291034368577,-5.5354611387751165,0.14293135574890425,-0.2801982354516861,-0.15935810959542163,-0.3998222392288051,-0.08671572680468603,0.3916394551501341,1.4162331670558386,-0.9411257459852843,-0.8910100213678402
0.2960000000000002,1.4388333473677788,0.4975454362892454,-5.549803365855969,0.13130637304809614,-0.27039350227096337,-0.13819234092174829,-0.3998005822780022,-0.08667881478294892,0.3914980984714562,1.4161337006397698,-0.9411597717928817,-0.8910256241559777
0.2980000000000002,2.2800064497692865,0.8374550415620651,-3.8042628203395736,0.07158591411255957,-0.2053480189188645,-0.14788947891091847,-0.39981759440633635,-0.08669225699326069,0.39120163476491215,1.41615022186653,-0.9410919410464869,-0.891069945675707
0.3000000000000002,2.775490826036818,1.1734147261465613,-2.874418978416683,0.07558415505551065,-0.1663917828540431,-0.16889315222416934,-0.3998225414395182,-0.08668517169453088,0.39105103913110306,1.4161821951114577,-0.9411773586722275,-0.8910729830140408
0.3020000000000002,2.6573846636315013,1.2960782785725553,-2.911724697376848,0.07529355513488417,-0.1441066367632545,-0.18084549619835225,-0.3998257480439551,-0.08667418471648587,0.39087772549828104,1.4162532474289489,-0.9411947114004543,-0.8910931083110009
0.3040000000000002,1.7804219293344938,1.3353473794664825,-4.6144449495419195,0.0955934820217134,-0.19645947680313464,-0.18811612109897244,-0.39981560463466814,-0.08666101930572308,0.39073692109741703,1.4161898212129667,-0.9412426630256985,-0.8910905790665883
0.3060000000000002,1.0071518986021935,0.6298627327209104,-5.935331284313154,0.125353454877391,-0.2903526110981252,-0.17401849354211385,-0.3998392380671227,-0.08667214124526654,0.3905959658261795,1.4162105450962597,-0.9411968462523113,-0.8911354437206312
0.3080000000000002,0.7621883351724955,-0.3020824397073484,-6.742520070893566,0.1366480842372569,-0.3487544228833722,-0.17103276099258738,-0.39983607933019527,-0.08666138184059982,0.39043559925328614,1.4162344484330425,-0.9412418150980778,-0.8910976945252568
0.3100000000000002,0.9791309565480495,-0.06136255441801122,-7.229369943997989,0.13639308207551473,-0.3485297602280336,-0.1598215527404485,-0.39983526466210784,-0.08663840476340229,0.3902776905667364,1.4162655152748418,-0.9412743791114473,-0.8911645297777064
0.3120000000000002,1.2269184914193543,0.5651378093057031,-6.729096492925779,0.12162163391179372,-0.29541036120967107,-0.15464243611925896,-0.3998367740289171,-0.08664927274038536,0.3901385363611808,1.4162292795438438,-0.9412539285979657,-0.8911452500029151
0.3140000000000002,1.522872858760211,0.6254632162157406,-5.913415158486154,0.13424719416371825,-0.2707368037744367,-0.1751453125735717,-0.3998316642953456,-0.0866601676072947,0.3899922402306367,1.416275412692717,-0.9412017142608636,-0.8910982079919714
0.3160000000000002,1.3135934481010305,0.3942034916515166,-6.703911127532791,0.15679536011405093,-0.29162608168884363,-0.18090716812741142,-0.3998480186692876,-0.08666102221597663,0.3898382903847722,1.416263011702646,-0.9412559245468876,-0.8911530374058934
0.3180000000000002,1.3243323402646885,0.04240081065720053,-7.888642603499841,0.15926254592083508,-0.3510108888111445,-0.16644011782463677,-0.3998409234460658,-0.08665003718585512,0.38971058892054045,1.4161878055869284,-0.9412293466294891,-0.8911809682671544
0.32000000000000023,2.04235698376824,0.7836811159659566,-4.645060255904998,0.12109583034030186,-0.2283306158636618,-0.15850861940341957,-0.399838387083175,-0.08660907020259825,0.38955468059716847,1.4161476913810256,-0.9412604169084914,-0.8912517932071099
0.32200000000000023,2.04235698376824,0.7836811159659566,-4.645060255904998,0.12109583034030186,-0.2283306158636618,-0.15850861940341957,-0.3998369471931875,-0.08662070502214322,0.38913312954181906,1.416088456369606,-0.9411808768586849,-0.8912290300016164
0.32400000000000023,1.9068155704975749,0.5046979124347626,-4.2018560052567215,0.13888306471069126,-0.22802934245048717,-0.18238708825939917,-0.3998492231661681,-0.08661551953132214,0.38899053066981437,1.4160195284494332,-0.9412485458287831,-0.8912641006899428
0.32600000000000023,1.6535429898725114,0.38730855934826297,-4.049297827519468,0.14027761836082137,-0.26149020893790986,-0.17603103160581407,-0.39984972674877123,-0.08659416878418459,0.3888481707497675,1.4159393924303385,-0.9412328285492207,-0.891305042868855
0.32800000000000024,1.3234028955370234,0.3136095642243479,-4.221508578191342,0.12657582035813644,-0.2583462380403373,-0.1538876114607036,-0.39984335172580304,-0.0865969654154934,0.3887185085266011,1.4158876452936517,-0.9411769309928255,-0.8912970207736837
0.33000000000000024,1.3032767195985377,0.020049487142832778,-3.5718302782325395,0.08953275096865265,-0.2471678393352908,-0.14879615343629427,-0.39984400523441926,-0.08658624559846598,0.3885732331921311,1.4158101199823572,-0.9411870897396402,-0.8913347628524929
0.33200000000000024,1.4293012303591905,0.6630467715434992,-2.2002335269513162,0.07199764533688802,-0.21053566304552748,-0.13714336958676004,-0.3998467261646378,-0.0865809701492618,0.388432538014083,1.4158406944823385,-0.9411557799345788,-0.8913477552037489
0.33400000000000024,1.5876907451647908,1.002478378544364,-1.3978912246250192,0.07907564378654502,-0.17259013588358743,-0.15720196007336276,-0.3998320756164112,-0.08658287298731268,0.3882643526159649,1.4158857653854156,-0.9411080382512894,-0.8913483292707021
0.33600000000000024,1.3815290389724695,1.0196390687303882,-2.025162347201826,0.0917949575103751,-0.16175121243732354,-0.17767563884228202,-0.39984875242473616,-0.08657935546616138,0.3881507675619876,1.4157243328008253,-0.9411362871462646,-0.8913793622672119
0.33800000000000024,1.0846679929302812,0.7455390686605956,-2.650356710142495,0.10874261673465194,-0.20667483021449604,-0.17046271787426284,-0.399849249883126,-0.08658702332625395,0.3880053318697632,1.415720271551894,-0.9410844557260862,-0.8913595241838708
0.34000000000000025,1.1711989604795705,0.17815651233468133,-3.4970535394595954,0.09378936910372644,-0.24065804809129984,-0.16142221329734407,-0.3998495031492122,-0.0865634359509771,0.3878596459819502,1.4156710907857273,-0.9411191514288215,-0.89140433604542
0.34200000000000025,1.579638458211493,0.015731792217625717,-3.3128950249223177,0.07264876914646545,-0.2523707532960631,-0.15187044939705893,-0.3998318503114776,-0.08654360356375773,0.3876846461590724,1.4157556742538224,-0.9411636930892309,-0.8914273387824658
0.34400000000000025,1.9881277655027858,0.5768561812538878,-2.7144726259146843,0.059526661807520115,-0.21554730422539825,-0.14278269877263072,-0.3998471620480584,-0.0865462961900252,0.3875223860426521,1.415780110049825,-0.9411964650160215,-0.8913980765721659
0.34600000000000025,2.1000800025361577,1.117938034510458,-3.0366482711975946,0.06731776171589107,-0.15650014474149798,-0.16345628848708213,-0.39983651679188603,-0.08652518972392932,0.38738766030185057,1.4157460438478613,-0.9411937266283337,-0.8914443690553686
0.34800000000000025,1.9804359267294611,1.2537504397197627,-3.69553850931651,0.10780900078680908,-0.17674748814569072,-0.1729694493618165,-0.3998323748413321,-0.08653896214006712,0.38724551447565847,1.4157458108208416,-0.9411271738806426,-0.8914260133883152
0.35000000000000026,1.8139198177372717,0.7153014596389597,-5.081046657509047,0.14050713294355924,-0.25184768493721826,-0.17693220887048508,-0.39983159256590023,-0.08649909892704298,0.3870855357906711,1.415784985439009,-0.9412083461413931,-0.8914917833258627
0.35200000000000026,1.562455772616484,-0.013958128748268628,-6.284549064654496,0.15118830139060033,-0.31841461872349924,-0.16089584824492326,-0.39985168729452053,-0.08651907390012015,0.3869380525181464,1.4157484492175207,-0.941213685586789,-0.8914732010994614
0.35400000000000026,1.7068730099922709,-0.4594526934599746,-5.570059377018384,0.12450965673840507,-0.3255746890792007,-0.15009552738649506,-0.399831851479049,-0.08650588545315088,0.38679212138455127,1.4156742086640868,-0.9411550676211474,-0.8915004893395154
0.35600000000000026,1.4638297653500618,1.3729346117037284,-4.328210337625742,0.07563905798141479,-0.23571140830276874,-0.17222878938046657,-0.39985269462695966,-0.08645224079711386,0.38557449765782736,1.4156407492037213,-0.9413269002846808,-0.8915746108643721
0.35800000000000026,1.3986017916020295,1.2664292656977731,-4.76215890901825,0.1027044447999939,-0.22580668644576704,-0.19298501935061332,-0.39984632748542714,-0.08646562069185747,0.38539534535684655,1.4158228055118167,-0.9413586932676588,-0.8915300215436243
0.36000000000000026,1.1428414737425625,0.9648092848402636,-5.624047959781246,0.1324459241153796,-0.2543202217496393,-0.19318284899023078,-0.3998704128936668,-0.08644016421914129,0.3852331532096514,1.4158236649988063,-0.9414450538409469,-0.8916083353513238
0.36200000000000027,0.760683970784964,0.410119548074259,-7.271972164076795,0.1518309186239345,-0.30666406892192555,-0.1779583100804936,-0.39985417531222145,-0.08643945392337937,0.3851031788616609,1.415810835786362,-0.9413846392045275,-0.8915753213118808
0.36400000000000027,0.5719063905783648,-0.11066102745309563,-8.023795312094752,0.1738412995758026,-0.37983574818272614,-0.1467556905682785,-0.3998621327012379,-0.08644182854222834,0.38496262210120363,1.4157842871960318,-0.9413985131096982,-0.891588552140599
0.36600000000000027,1.75520913325691,-0.21827967379734814,-6.635880941031749,0.13567048892030584,-0.3267387327559324,-0.1300366868470262,-0.3998804761157315,-0.0864246936875873,0.384649132257689,1.4157940670682854,-0.9414528185760342,-0.8916187941830418
0.36800000000000027,1.75520913325691,-0.21827967379734814,-6.635880941031749,0.13567048892030584,-0.3267387327559324,-0.1300366868470262,-0.3998804761157315,-0.0864246936875873,0.384649132257689,1.4157940670682854,-0.9414528185760342,-0.8916187941830418
0.3700000000000003,2.785305419623067,0.6555920101034662,-4.315407325041581,0.10432458924296356,-0.17558921742958006,-0.15529255927408836,-0.39986599735682943,-0.08643459237048944,0.38436314498861335,1.4157488609047237,-0.9413514347482859,-0.8916303762239927
0.3720000000000003,2.556915961891415,0.6581174530127891,-4.253180205306331,0.10470067378777806,-0.19175585950896068,-0.14252016132612982,-0.3998842789379212,-0.08641216931989704,0.38422971258494737,1.4156795240777071,-0.9413792311645328,-0.8916720820284978
0.3740000000000003,2.3280367607320955,0.2708297057281861,-3.7435567175008044,0.09739553436958509,-0.2417355639392226,-0.148079116464642,-0.3998689200542911,-0.08642798600498758,0.3840482841643692,1.4157517457426014,-0.9413820814350314,-0.8916434015523508
0.3760000000000003,2.0156586239606025,0.9879556043959745,-3.2803622118048885,0.06296457590877642,-0.22846019436462353,-0.13447997387899707,-0.39988252370435784,-0.08641741814932336,0.38389402915362475,1.4157831891628647,-0.9414791159006319,-0.8916287834705287
0.3780000000000003,2.1068274302433165,1.379220795566003,-2.178022773597101,0.05530745461466434,-0.18703190790465402,-0.16328429015458323,-0.39988375025849393,-0.08640861206696868,0.38374720628391895,1.415788312778718,-0.9414653164360697,-0.8917086850557301
0.3800000000000003,1.4821276376335872,1.87400586160572,-2.776961246687146,0.05941438615831592,-0.1556051137381352,-0.18535898452925645,-0.3998976957363656,-0.08640820956897013,0.38362583670324774,1.4157313257212574,-0.9414917177838404,-0.8916836452770033
0.3820000000000003,1.0655123304851561,1.3806298215298005,-3.2704981190927955,0.10472634367806559,-0.21492877113762734,-0.211213873467541,-0.39989679076277473,-0.08639960351446188,0.3834570307931088,1.4157964874043043,-0.941505502566348,-0.8916926627229896
0.3840000000000003,0.044349780366808644,1.2238513836238385,-4.380610550501069,0.13073951706295311,-0.3031335160383699,-0.19154461826720742,-0.39990970276254145,-0.08639368398656873,0.3833234491231548,1.4157747242594247,-0.9415197101631885,-0.8917137615359478
0.3860000000000003,-0.4234349556814908,0.5138156136094073,-6.016061056026074,0.14656084990113902,-0.3489216553676215,-0.179657623951938,-0.39991843864395615,-0.08639678289249383,0.38314979327184656,1.415877767959368,-0.9415547853020901,-0.8917323886225048
0.3880000000000003,2.348824468420996,0.7425197060158111,-3.73761334262825,0.08437782984570279,-0.1754019809656966,-0.14622007401233228,-0.39990702310410986,-0.08635986246275516,0.3822218052470718,1.4158713321961445,-0.9415674603933042,-0.8917077971263366
0.3900000000000003,2.348824468420996,0.7425197060158111,-3.73761334262825,0.08437782984570279,-0.1754019809656966,-0.14622007401233228,-0.39990702310410986,-0.08635986246275516,0.3822218052470718,1.4158713321961445,-0.9415674603933042,-0.8917077971263366
0.3920000000000003,2.331492229695489,0.11647442884023229,-4.1600802614226495,0.07475263781077802,-0.2350249723855732,-0.1460495848503703,-0.3999051064698814,-0.0863655549932436,0.38207877875390694,1.415899629046527,-0.9415431047120512,-0.8917313683670812
0.3940000000000003,1.8508984527473624,0.6468921286460099,-4.11443255988672,0.07898611075496323,-0.24607405954605455,-0.13698731409680276,-0.39991375222449727,-0.08634989574796512,0.38190662894878863,1.4159700137166202,-0.9416339982062689,-0.8917712183688921
0.3960000000000003,1.9101870632617355,1.1466665243225664,-3.6789843241529736,0.08703358229223195,-0.22720050853697,-0.16005909273413882,-0.399917320236605,-0.0863529229831264,0.38179166251885577,1.415870136511379,-0.9416350919370433,-0.8918055265459236
0.3980000000000003,1.8917534364286666,1.4688166664662667,-3.612348978852895,0.10468763494377667,-0.1986044095505404,-0.1876277184968559,-0.3999087155653265,-0.0863334266228393,0.3816199533284539,1.4159106440673488,-0.9416708229800372,-0.8917549829155875
0.4000000000000003,1.4174285499566164,1.6667969145314037,-4.067930681078625,0.12663959367427446,-0.21112907261267255,-0.19385974857512978,-0.3999108100161392,-0.08632443588557731,0.38146320019926555,1.4159241511700973,-0.9416686882724085,-0.8917998126426945
0.4020000000000003,1.152603352864853,0.7447121038789273,-4.9432526724051575,0.12950013940997987,-0.26686102195625216,-0.19367407618754817,-0.39991285900642876,-0.08634518512743534,0.3812843730481522,1.4160708431497602,-0.9416676839486112,-0.8917679092891818
0.4040000000000003,1.3417719828635033,0.6847902149744556,-4.770684378242518,0.10110491015664655,-0.2947431450852942,-0.14957505528044354,-0.399923394880798,-0.08630094628368673,0.3811471086395459,1.4159519667593863,-0.9417062603624468,-0.8918500873044842
0.4060000000000003,1.64752737278422,0.5231973996171925,-4.385867673661861,0.08770227418259213,-0.2173556640398361,-0.15495306647971582,-0.3999410865542028,-0.08633459944527573,0.3808321096362796,1.4159917208031845,-0.9417248517027557,-0.8918065388239114
0.4080000000000003,1.9902669582957497,0.7074586490911583,-4.427346608544981,0.10866797157629615,-0.18628581762174312,-0.1619031898983363,-0.3999411880001899,-0.08629993774706207,0.3806576270396399,1.416056383737385,-0.9417921012044981,-0.8918661414708946
0.4100000000000003,1.9192437965973812,0.8589446208066522,-4.217977312079156,0.12136208884952285,-0.21549453445323952,-0.15110983493117147,-0.39993648613920696,-0.08630854543753319,0.3805316689624563,1.4159966389681065,-0.9417857353059066,-0.8918216094550944
0.4120000000000003,1.5303951887786287,0.42702317308488136,-4.993957896611196,0.12428153045662979,-0.26184030983365125,-0.1534551655600512,-0.3999372023313236,-0.08629798021172075,0.3803724902856692,1.415999139334639,-0.9417941183119679,-0.891841787022996
0.4140000000000003,1.5847590491492898,-0.24113786702462214,-6.1398134370439905,0.126636261129474,-0.2983839072211849,-0.1523742888978993,-0.3999358083793777,-0.08630783406558659,0.380243673545208,1.4159578857607598,-0.9417101497219889,-0.8918129693980781
0.4160000000000003,1.363384818191705,-0.3274882549013913,-6.59620069780635,0.12350490547508808,-0.3054156867221122,-0.14173119570146228,-0.3999361285307439,-0.0862978518225598,0.3800645129666751,1.4160379058169654,-0.9417915121731214,-0.8918490975661881
0.4180000000000003,1.514879482242148,-0.08124415762448339,-5.9198553854847,0.1126843777527247,-0.31007168455073575,-0.14618927054036837,-0.3999377042336411,-0.0862819280835821,0.3799071299952751,1.4160657732933832,-0.9418370988880831,-0.8918646396178777
0.4200000000000003,1.222924709749099,0.4501957286634796,-5.552087970420779,0.12495100418758182,-0.2832108245527294,-0.16369365136981132,-0.3999428868623959,-0.08627282819895801,0.3797550385644127,1.4160632111269797,-0.9418890055968494,-0.8918989028871765
0.4220000000000003,1.0553731731505092,0.4503418588926703,-5.971440423144264,0.15286247108621454,-0.26499167512685595,-0.18207189156182899,-0.3999550589914478,-0.0862826344169936,0.3796058893963003,1.4160325814467452,-0.9418262485242341,-0.8918646991491928
0.4240000000000003,1.19217452183984,-0.10873121998101087,-6.001689502540511,0.13631164314361652,-0.3477193443261472,-0.15084545446153705,-0.39994568398045993,-0.08623614523535728,0.3791824061253353,1.415918371847448,-0.9418134167329446,-0.8920138434075014
0.4260000000000003,1.7548733785815922,0.3144882653913521,-5.229194756538899,0.0967598583628693,-0.2963085945269371,-0.1429622611781986,-0.39993585205269583,-0.08623116072654505,0.3790085109111213,1.4159010509105983,-0.9418499617887598,-0.8920009403387148
0.4280000000000003,2.339114687955821,0.9261539191149201,-3.8820497083084344,0.09238408136941821,-0.19792649576003918,-0.14764347645809126,-0.3999444823406473,-0.0862306558220864,0.3788851159309574,1.415869499601706,-0.9418008589766108,-0.8920235076410551
0.4300000000000003,2.613640677700754,1.2014462113290139,-3.2709371738102937,0.08939422620368795,-0.14178923112522024,-0.16786706494040574,-0.39994941028795133,-0.08622679517318488,0.37872686803565075,1.4158726201702807,-0.9418622675685396,-0.8919981263342439
0.43200000000000033,2.0201945417833005,1.267487391156814,-3.691064494407443,0.11418372168644583,-0.17294496057423425,-0.16513457244302066,-0.39993947630608984,-0.0862073934492711,0.378590052617859,1.4157573990638073,-0.9418554228841863,-0.8920300430262205
0.43400000000000033,1.613158936104868,0.3859589554366468,-5.110404737204597,0.12023274478332663,-0.24384757734287085,-0.157312566242663,-0.3999420105330334,-0.08620205427495235,0.3784400583332197,1.4157984604985883,-0.941872407054776,-0.8920181315411366
0.43600000000000033,1.1476538883226919,0.045141404927963924,-5.008124189002982,0.11344193734956945,-0.2981302954090126,-0.1466105002925824,-0.3999384827048879,-0.0861932515901466,0.37828782899583335,1.4157356789851605,-0.9418703573237983,-0.8920640832636538
0.43800000000000033,1.5055168574366098,0.22207408059563633,-4.523076416342176,0.08605514934949256,-0.27499313448765034,-0.14733514767148292,-0.3999325179885137,-0.08618944311184581,0.37815189698340107,1.4157220333790792,-0.9418578912273,-0.8920619599171379
0.44000000000000034,1.5438723020323923,1.1035450316240587,-4.203241680144317,0.08106539115637713,-0.2292749197029669,-0.15678041140390167,-0.39993009558524306,-0.08619128856661727,0.3780111122150773,1.4157275247265233,-0.9418261521207558,-0.8920005728311189
0.44200000000000034,1.3808079268113709,1.3827477711547358,-4.50355511729936,0.10871408793017341,-0.2076797708624628,-0.17852679061567023,-0.3999445521058398,-0.08620023558346826,0.3778425585092488,1.4157995028259818,-0.9418525198431029,-0.8920500793494833
0.44400000000000034,0.9832317953683183,1.0801510800260954,-5.037995223923679,0.13828998825075817,-0.25581759646173413,-0.1882249727792298,-0.39992757454457845,-0.08615561382663225,0.37772499442754515,1.4156604921149416,-0.9417970839881799,-0.8921038969169179
0.44600000000000034,0.5198411796085319,0.4399531241713001,-6.371526032977438,0.16010067443046952,-0.336366249892356,-0.17686569554626716,-0.39993555373349465,-0.08616655270693901,0.3775907774276029,1.415638261269106,-0.941836947759483,-0.8921063790041931
0.44800000000000034,0.7643562880603579,-0.2810518792389533,-6.429826282261397,0.15049563046575748,-0.35804930785715994,-0.1602713775677161,-0.39993165980313855,-0.08616373841029935,0.37740582972015513,1.4157429352671678,-0.9418403918529124,-0.8921036152271637
0.45000000000000034,1.328926288651164,-0.0064381131612976095,-5.48839754364316,0.11827337799158652,-0.3224863814340028,-0.1461262003128996,-0.39992115598758493,-0.08615540219838946,0.3772865409951582,1.4156490583702896,-0.9417647401125198,-0.8921621889076522
0.45200000000000035,1.9021886742633818,0.6106188411358637,-4.384740570679973,0.09829987565402264,-0.23950030442836187,-0.1464470119982669,-0.3999330157918446,-0.08613834312711388,0.37711141926473585,1.4156234851984884,-0.9418914148663625,-0.8921763357585105
0.45400000000000035,2.6421978235655135,0.7595004447240705,-2.889827220331622,0.09455706513149144,-0.17100133432740228,-0.17700653847512937,-0.39993165422493804,-0.08613731788795945,0.3769925537789345,1.4155592628740352,-0.9418089213391109,-0.892178354324496
0.45600000000000035,2.636384705069242,1.603045628353383,-2.220110610561578,0.09107267077857928,-0.16555296538445466,-0.16975023263511319,-0.39993140680975403,-0.08612074007469314,0.376831358111106,1.4155736800276186,-0.9418552894337973,-0.8921831926042341
0.45800000000000035,1.2487414938575794,1.4015407932800663,-3.420164743370758,0.0983404339487687,-0.18943912019270698,-0.20001768429274994,-0.39994983880209933,-0.08609268171826198,0.37595853756184316,1.4155182036159526,-0.9418836656937996,-0.8922855730101844
0.46000000000000035,0.8001019989313763,1.091269197489705,-4.753894946708915,0.12495316318792189,-0.25689946517756096,-0.19856757946178896,-0.39994406743940847,-0.08608730808797173,0.37580399503247336,1.4155896856842862,-0.9419073022733514,-0.89227481178556
0.46200000000000035,0.6476786602043874,0.048800302522064215,-5.71590294298363,0.1321517927203412,-0.30520820019273787,-0.18133413044448968,-0.39995664528911246,-0.08608030943774245,0.3756458559149542,1.415631759677392,-0.9419871290945449,-0.892279268336542
0.46400000000000036,0.8320167317097436,0.08955023109544509,-6.08385701744411,0.11086646407746045,-0.3294678994036052,-0.15581749141041776,-0.399959278759881,-0.0860843475357531,0.3754945607396958,1.415634457590194,-0.9419923722503034,-0.8923273597961069
0.46600000000000036,1.6358284504345737,-0.09018469837179133,-5.035066318348924,0.09121871551812119,-0.2901007430337076,-0.16389634827146887,-0.39995918592622864,-0.08607750478196469,0.3753463834969053,1.4156478821456735,-0.9420081081106222,-0.8923238567044529
0.46800000000000036,1.829469756166101,0.5040911430158224,-4.144578941879727,0.10331628086493023,-0.221676390668768,-0.1649819994981253,-0.39996235033624183,-0.08607293657012484,0.37517062038140775,1.4157605763136771,-0.9420161813626043,-0.8923124354084119
0.47000000000000036,1.7376096029487342,0.7641916825010171,-4.7437057499715785,0.1319217405011585,-0.20159852491252692,-0.1673166503233139,-0.3999567980990874,-0.08606244343434977,0.37503691975646447,1.4156760956074472,-0.942030522154241,-0.8922879704455847
0.47200000000000036,1.4226924932971665,0.16926450591250872,-5.725061528893683,0.15417075021227267,-0.24553120404007833,-0.1634265485348034,-0.39996252488821143,-0.08606161534404652,0.374860724459007,1.415795280216025,-0.9420361587946183,-0.8922911716108138
0.47400000000000037,1.0573699291447816,-0.20998464196306887,-6.04677987463601,0.14348606779020656,-0.32171345444829025,-0.14143734275043243,-0.3999551955891487,-0.08607766064661121,0.3747525517525602,1.4156904706128361,-0.9419463886030923,-0.8923038359718239
0.47600000000000037,1.4172950694358692,-0.7406422682076681,-5.684808656404036,0.11858829203619273,-0.32634112286209616,-0.12838759901411498,-0.39995038851875053,-0.08604846709828126,0.3745663782463123,1.4157471380405602,-0.9421119573515666,-0.8922758622918235
0.47800000000000037,1.8647809730746094,-0.03857920335460119,-5.03339404730033,0.09462130623494418,-0.25290917333207147,-0.1396973793102994,-0.399958486397763,-0.08603221541661375,0.3743951793222063,1.415804097173054,-0.942076492054977,-0.8923295701627558
0.48000000000000037,1.8907638534087967,1.0651222388991715,-4.519723374832583,0.09583426827205054,-0.1800175347023792,-0.16487418592238093,-0.3999665024619132,-0.08604590412010055,0.3742585612824941,1.4157969505535832,-0.9420697723506397,-0.892343110282835
0.4820000000000004,1.9067312895209019,1.6819831631966853,-3.85259227198258,0.11516099563265612,-0.18189434089066797,-0.18507518992707198,-0.3999611826740883,-0.08602229265598034,0.3741013155506378,1.415739367465135,-0.9421275448981483,-0.8923466798996187
0.4840000000000004,1.757316805893278,1.5521367690758487,-4.198686455637969,0.11723374832173118,-0.21528418197392102,-0.19301397881993196,-0.39996139748912474,-0.08602792138098148,0.373942343471611,1.4157929401177611,-0.9421880575895634,-0.8923336700051535
0.4860000000000004,1.0439499226786162,1.3262131642869148,-5.462176454944097,0.11052100703327183,-0.25741074438474304,-0.18269876530147985,-0.3999672850706195,-0.0860187452345415,0.37379345110499207,1.4157958791776937,-0.9421592787139282,-0.8923629816044202
0.4880000000000004,1.0227079563400068,0.5415486687226214,-6.465138730407466,0.11801811263840613,-0.2876028536842819,-0.15815538834045206,-0.39995482854833353,-0.08601576775607078,0.37366573230365163,1.415754135862514,-0.9420933560721341,-0.8923542777832236
0.4900000000000004,1.173794862971945,-0.05996567003952746,-6.5408884122055095,0.12151035270586798,-0.29879769414978596,-0.15684849771009013,-0.3999577511749032,-0.08601920575617064,0.37350195095937044,1.415829469974512,-0.942112240979522,-0.8923437540002687
0.4920000000000004,1.2018083628969363,-0.06845760920089777,-6.620198226351653,0.17146679430977985,-0.2753663825150429,-0.16953818987448774,-0.39996863893755885,-0.0859826567156134,0.3730697008265764,1.415770726830275,-0.942183992306735,-0.892418919622079
0.4940000000000004,1.2017288983856638,-0.2956370465939943,-6.307630994913236,0.17050563724154316,-0.302438904715101,-0.1525349486586143,-0.39996481529625616,-0.085987751556721,0.3729420397903924,1.4156656930135532,-0.9421206692839993,-0.8924562713699311
0.4960000000000004,1.7015500356308777,-0.718877518896444,-5.7033865782356745,0.13089186526674648,-0.30729444894756647,-0.14153052663379456,-0.399967945836505,-0.08599229528650013,0.37276491414139384,1.4157761891024194,-0.9421201376234297,-0.892383254475851
0.4980000000000004,1.9951692465044362,0.1873002746647403,-4.328461990954853,0.07831696633553466,-0.2614224205542513,-0.11896065276198237,-0.3999746514267306,-0.08596460196395364,0.372642850151254,1.4156227403349901,-0.9421538137782492,-0.8925007639902164
0.5000000000000003,2.539803264007629,0.8806141340484449,-3.1112649754535195,0.0691128022401318,-0.1817864166818977,-0.1405371815493698,-0.399964232344819,-0.08595796150750745,0.37249450957933045,1.4156247349935023,-0.9421307355039318,-0.8924731825976379
0.5020000000000003,2.1111655983755155,1.458814530925134,-2.766731718776631,0.09599397704042649,-0.14464453305035815,-0.17764881182905343,-0.3999656016800365,-0.0859510973468868,0.37234856445069714,1.4155608615931994,-0.942135383277651,-0.8925122246742025
0.5040000000000003,1.5671679717061369,2.0615404466140816,-3.5551800661474418,0.10929769824879021,-0.1910255206438247,-0.18741900795382824,-0.39997739460039317,-0.08592295562199355,0.3721918874958781,1.4155638064017455,-0.9422295646539663,-0.8925655227672938
0.5060000000000003,1.0208511925466015,1.4194826731943748,-4.324901063491818,0.11041300268173689,-0.26041259136399286,-0.1896821716325167,-0.3999621816827711,-0.08594490458688184,0.3720515475926166,1.4155268507674272,-0.9421338555633852,-0.892522122264625
0.5080000000000003,0.7370111108739049,0.8468823501356006,-4.599299874939622,0.09694450847445765,-0.2920133822865686,-0.18421394770641766,-0.3999730053482819,-0.085915838543694,0.3719089118570905,1.4155274370001845,-0.9421758348777973,-0.8926308491464213
0.5100000000000003,0.926044604134414,1.0349839047663756,-4.641567399125162,0.08711613773625576,-0.27443683318594897,-0.17675088062386604,-0.3999740784404117,-0.08591253340936245,0.3717523587456903,1.4155051568334864,-0.9422098924435441,-0.8926384594490832
0.5120000000000003,1.4113186488844858,0.6870522192619476,-4.447952787409268,0.08512705330136967,-0.22128015544853408,-0.1871965059377786,-0.3999707131345817,-0.08591914448733767,0.3716234979461884,1.415457545456652,-0.9421194771697091,-0.8926398397475234
0.5140000000000003,1.5833124988081761,1.333163234911245,-3.2534242076470283,0.09859984344485662,-0.20762446763616998,-0.17910123949162715,-0.3999815108567376,-0.08592639432405891,0.3714473610915746,1.4155492362443,-0.9421643509237692,-0.8926272484041715
0.5160000000000003,1.5144648784667891,1.3654771126385545,-3.8226610249482533,0.11344279706313148,-0.2174549374698358,-0.1869112082984645,-0.3999841154111197,-0.08591567506110372,0.37128772787475306,1.4155528773544268,-0.9422226308650149,-0.8925848237948981
0.5180000000000003,1.3601009272413125,1.0404423308629456,-5.182822792335112,0.12124112321962964,-0.23262334693747477,-0.1822117598900874,-0.39998623117923054,-0.0858898300533826,0.3711832335396017,1.4153423543430375,-0.9421874001322827,-0.8926669522002945
0.5200000000000004,1.3667380129454885,0.3611349771518203,-5.723585203446105,0.10823883310469523,-0.2649028119718337,-0.15772439205576905,-0.39997172400255626,-0.08590056550326623,0.3710236750508508,1.4153773196262098,-0.9421458710002124,-0.8925970341892748
0.5220000000000004,1.7234285994756133,0.13628144909149031,-5.3044656102517065,0.07246401948053656,-0.2671128100491205,-0.13751956966880494,-0.39999504706457295,-0.08590614947199535,0.3708701783564251,1.4154446947465371,-0.9421604453014722,-0.892651166785523
0.5240000000000004,2.109566567556641,0.43972004634371303,-4.443868300542943,0.06656929964931307,-0.24667281314441747,-0.15218379478104646,-0.39998454754134627,-0.08589751576793286,0.3707111892667046,1.4154130410910142,-0.9421804044633224,-0.8926388812990175
0.5260000000000004,1.7709841614558117,1.3438058627324798,-2.5767817294806354,0.09577632589954337,-0.15235118807369366,-0.18399206507861468,-0.4000064756146532,-0.0858443091772341,0.369509244504322,1.415336321786305,-0.942258019482869,-0.8927961942735079
0.5280000000000004,1.52888259545891,1.1940569419601568,-2.938354078517356,0.11711443735811246,-0.17837659764753383,-0.17844343613246322,-0.4000200733916482,-0.08584460930041751,0.36934410124966754,1.4153193806715108,-0.9422849795495876,-0.8928388405855004
0.5300000000000004,1.4552905984633713,0.5472385956137932,-4.081720466259953,0.10176157488824869,-0.2273324564088043,-0.16701936728062694,-0.40001205829012587,-0.08582889660133593,0.3691875733592789,1.4153126462508578,-0.9423036655701899,-0.8927830271077355
0.5320000000000004,1.637224267029579,0.408529051753024,-4.037118275395946,0.07889999884624305,-0.2407547023856782,-0.14157338989414014,-0.40001103086150136,-0.08584487863022708,0.3690431781743526,1.415322335221458,-0.9422416969615942,-0.8928147871773253
0.5340000000000004,1.7494663454681705,0.5573473795463759,-3.6178383430449297,0.07126444088619456,-0.21609762341116415,-0.1458622191888706,-0.4000292206431938,-0.08585511892231978,0.3688792343952243,1.4154030391809445,-0.9422746527408609,-0.8927277908894765
0.5360000000000004,2.012420839176467,0.6735388360669983,-3.554775229112193,0.08037972447164775,-0.1882506096965968,-0.16143022284757055,-0.40001976252805505,-0.08582802588759936,0.3687012053908657,1.4154620558327382,-0.9423244074765326,-0.8927786891125593
0.5380000000000004,1.3746323677106478,0.2965477518800011,-5.37233436544045,0.16046890381566184,-0.2575792455714553,-0.1712225366455543,-0.40002817595833134,-0.08583176258683048,0.36839566496607934,1.4155139217251218,-0.9423587679861108,-0.8927676343576539
0.5400000000000004,1.294760863875835,-0.141424819044996,-5.978458658770041,0.1477508150296773,-0.2974208646168953,-0.15701893086619118,-0.4000371789271533,-0.08582912424475354,0.36823615590999276,1.4155474419284602,-0.9423617096479034,-0.8928063309198515
0.5420000000000004,1.3545550839864635,-0.19286254296743166,-6.050709579068698,0.12378278810400244,-0.30200221269965916,-0.1465154536607549,-0.40004576308769496,-0.08580286472252246,0.3681019017910938,1.4154977266609006,-0.942462157543541,-0.892845594586069
0.5440000000000004,1.7274679676267488,0.11212118398529863,-5.733878760769434,0.11514663281831093,-0.2661734636403492,-0.14477722688030814,-0.40004102514136225,-0.08578751060355647,0.3679276239679378,1.4155655322569718,-0.942479074573944,-0.8928864231636277
0.5460000000000004,1.7926834327687229,0.7752758805402593,-4.747500315188188,0.09950863069785838,-0.19791948452600125,-0.16855693292962562,-0.40004113082157894,-0.08581750902016802,0.36779318589671,1.4155291180733844,-0.9424382031083448,-0.892822653818148
0.5480000000000004,2.019692704204196,0.844974406198394,-4.271639984288553,0.11506136914996629,-0.16244095939679734,-0.20973774630548564,-0.4000441859821403,-0.08580301201575599,0.36761557947757617,1.4155973452372526,-0.9424484731880011,-0.8928376349599875
0.5500000000000004,-0.30985962531010347,0.8357551966588351,-3.570691115713399,0.07523868629363195,-0.052786303278446085,-0.22238515801998504,-0.4000519099478797,-0.0857926283870095,0.3674646039802554,1.4155883967512437,-0.9425084463287485,-0.8928873157654471
0.5520000000000004,0.7864396323068975,0.646038285605313,-3.392777430252412,0.03257727156513752,0.04476659215661564,-0.1990101305589778,-0.4000417158535059,-0.08577622472553474,0.3672944226104223,1.4155657345012944,-0.9425660275094524,-0.8928730261678111
0.5540000000000004,-2.6296823960857267,0.5893490089852202,-1.2931140169983197,-0.07726312931399462,0.32425879102760863,-0.2727530240138917,-0.40004211862120836,-0.08575410347415631,0.36717093874918244,1.4154895209267746,-0.9425230160255529,-0.8929677309488832
0.5560000000000004,-1.1360465216764992,0.7190897565368891,2.111207366196934,-0.2610967146030251,0.587484883656041,-0.2626873648024678,-0.40004752826824574,-0.08578510291366465,0.36703467095896886,1.4153845688022813,-0.942441268102417,-0.892916882858291
0.5580000000000004,-1.5900062762478826,1.172945328034468,3.6007568527265414,-0.39057089097299813,0.9280278208402807,-0.30293924442861464,-0.40004468657383585,-0.08574915881256848,0.36690773174646246,1.4152772367200575,-0.9424542431423977,-0.8929952135818655
0.5600000000000004,-1.2659077994027044,1.8715879575841352,10.64525493718879,-0.604508956830659,1.5532023009736542,-0.41775235349854983,-0.40003704178434696,-0.08574527244826294,0.3665362914501597,1.4148670574806639,-0.9422496459208307,-0.8930689163187989
0.5620000000000004,-1.86721429498423,1.8883469022462787,12.369373131609459,-0.6978978261079758,1.6211656017574434,-0.4531582267047627,-0.4000310526580176,-0.08571948010961153,0.3664252381962387,1.414660092214209,-0.9421896963245967,-0.8931952305462427
0.5640000000000004,-1.07704324687833,1.9729764827025826,13.514269065209094,-0.7452339078490111,1.6826651204395908,-0.4348008755258042,-0.4000297284781477,-0.08570470262838306,0.3663169669005184,1.4144979076964177,-0.9421023924840405,-0.8932344627857803
0.5660000000000004,-1.8286294628229929,2.436562338875002,15.355208790241587,-0.7654663919131909,1.8337639169536095,-0.4575997204397087,-0.40002806242009986,-0.0857034169785757,0.3662195277734877,1.4143597693088725,-0.9420527417200141,-0.8933353602610109
0.5680000000000004,-1.0136413132236828,2.831819169144546,16.07095828676475,-0.7898358453623625,1.87169096912846,-0.47579247117022205,-0.4000118421846456,-0.08569341387637047,0.36611546685476953,1.4141662029888955,-0.9419963840586826,-0.8933254530644348
0.5700000000000004,-1.2029136608321174,2.31608337466196,17.529118598492563,-0.7663131934914242,1.8763312026160883,-0.49845148542735424,-0.40001428630437913,-0.08566295363226803,0.3660059955426823,1.4140357681632876,-0.9419654670025809,-0.8934153670273002
0.5720000000000004,1.215768684131015,2.2397248615852057,15.835650549957805,-0.723965383331373,1.7793336662897627,-0.43572307690535445,-0.4000011093366288,-0.08565013970473945,0.3658938587994289,1.4139033933613658,-0.9419206192468792,-0.893436192150517
0.5740000000000004,0.41549682715728786,2.043639013277312,17.22397172039272,-0.7844481935960841,1.847702450530615,-0.4336588977541436,-0.3999941771560235,-0.08564397200976995,0.3657984022814227,1.4137348330090997,-0.9418179916394521,-0.8934517956067612
0.5760000000000004,1.0083043764632822,1.993760396063112,18.80190150962701,-0.8162983855251904,1.8917208993932781,-0.4323660779371603,-0.39998883931564366,-0.08562254528890823,0.3656600730221318,1.413679325999753,-0.9418882955969345,-0.8935123541752005
0.5780000000000004,1.8967591000719235,2.58553332353132,18.39289995402054,-0.8348865449916474,1.9193374847014808,-0.41159366260928526,-0.3999904268766054,-0.08562498355089321,0.36552278513066255,1.413690615439203,-0.9418478428787845,-0.8934723316932375
0.5800000000000004,2.538675111758335,2.730339210648544,19.055290796645423,-0.8114879584872039,1.956594299613053,-0.4207852159775383,-0.39999110771114604,-0.08559909340862026,0.36540037942379905,1.413651565523596,-0.9417934963441952,-0.8935675919959585
0.5820000000000004,1.8604371165987055,3.3914734711415924,18.755952512874053,-0.820830512168637,1.937118873036363,-0.4389192353258483,-0.39998644610325385,-0.08559328285979405,0.36527741854969387,1.4135806787093053,-0.941840915505639,-0.8935901351320041
0.5840000000000004,2.112656637130594,2.739161807226094,17.374216746280187,-0.8057768741904414,1.8677179872756093,-0.4165164550753308,-0.39998506362253966,-0.08557726415575409,0.3651682826395776,1.4134557722657242,-0.9417575739438325,-0.8936304612521302
0.5860000000000004,1.659026989162141,2.907382192281338,16.74929774454739,-0.8028506965688934,1.838413306670011,-0.4157592126670173,-0.3999880942424504,-0.08555209867784642,0.36503938528763974,1.413398339007724,-0.9418612663391501,-0.8936010117784047
0.5880000000000004,1.454323147201605,3.133538268768845,16.75610806582433,-0.8466748326420659,1.8195092557473018,-0.4098857330223358,-0.3999933988336716,-0.08557921272733206,0.36488703990151783,1.4134343569968246,-0.9418510863614596,-0.8935893013400441
0.5900000000000004,1.6828110594095342,3.22292145377222,16.920323256719684,-0.8335341414375992,1.8221228984889655,-0.41988954201425543,-0.4000100024905292,-0.0855687876649302,0.3647178610271985,1.4135356933217318,-0.9419161234739266,-0.8936482131228306
0.5920000000000004,1.3406763771141028,3.5381928066250836,16.703257453833487,-0.8098029674268737,1.8331794801848214,-0.42219954691166783,-0.4000126505928306,-0.08555724412689025,0.36454362557898745,1.4135813878554713,-0.9419843004335364,-0.8936337282959856
0.5940000000000004,1.561813899165704,2.6991905232910467,12.451595722658812,-0.7311801319532837,1.5941416389492404,-0.41278213218131254,-0.400047147957571,-0.08558340156027362,0.36406458059439795,1.413865628006224,-0.9420326897743607,-0.8936084347135347
0.5960000000000004,1.820573414899711,2.2018350044532404,11.19144934230249,-0.7309337762320735,1.4642531197127269,-0.3895625859153188,-0.40005830884797045,-0.08556925124226786,0.36387730141599706,1.4139808907515,-0.9421627820714836,-0.8935890076698807
0.5980000000000004,1.7369675430960838,2.33053929490906,10.042828242687603,-0.707023697503027,1.422170339899285,-0.3669094268323344,-0.400063515726006,-0.0855716351969012,0.36369719062007383,1.414198498727952,-0.9422615726322034,-0.8935535039662609
0.6000000000000004,1.4491234154181871,1.8375754747046136,9.234338701092678,-0.6992685996027707,1.4064614254966792,-0.3660120219670275,-0.4000714441882417,-0.08556385700393082,0.3634967988002305,1.4144085727682236,-0.9423770289558034,-0.8935130682971657
0.6020000000000004,1.4586803625892288,1.6222797939445166,7.570563701851459,-0.6556224379286549,1.347369393206996,-0.3690807023078728,-0.4001052824919597,-0.08557449943568994,0.36331233422177683,1.4146402488455079,-0.942466256903323,-0.8934714956927179
0.6040000000000004,0.9263569559728972,1.2811500839780243,5.260502470220995,-0.5850519612486789,1.2705269611768337,-0.3580907785337237,-0.4001169093148858,-0.08558606231312318,0.3631307196801844,1.4148218561566321,-0.9425657143926816,-0.8934331050778725
0.6060000000000004,-0.4394089765033431,0.5118469198791542,2.7002458862232843,-0.5231920002272771,1.1331371601310807,-0.3264284397853361,-0.4001185142355434,-0.08557795327362232,0.36297547324008894,1.4148730529907503,-0.9425713711780414,-0.8934238041938652
0.6080000000000004,-1.2652973552196325,-0.3174504661238613,0.7728804106500289,-0.4719424785240548,1.001497367023029,-0.29334418258581935,-0.40012963296968296,-0.08558983319799952,0.36278068077359055,1.4150292855450994,-0.9426412813634899,-0.8933627175508266
0.6100000000000004,-1.9694747619798654,-0.7155364581062282,-0.15998488180814507,-0.4333232613120482,0.9170802311990734,-0.2804560484724635,-0.40012151943312674,-0.08558505734853543,0.36261205956109677,1.4151582136662715,-0.9426525336727903,-0.8933656543341758
0.6120000000000004,-1.2944607890779565,-1.0169636264539688,-0.5925477007399819,-0.41148587229662736,0.9087991339850737,-0.2840015595331754,-0.40012697059633395,-0.08560041181931831,0.36245067376560475,1.4151835539872435,-0.9426287817413966,-0.8933391506619972
0.6140000000000004,-0.7533292529566769,-0.9901217867974605,0.1549842204531133,-0.3855691848150993,0.9663042079178858,-0.2891200219928281,-0.4001342176047776,-0.08559349362838645,0.3622680581041982,1.415305178269508,-0.942677999522557,-0.8933225901509092
0.6160000000000004,-0.48105825387183687,-0.8176750276300424,0.5707471376116398,-0.3852926237577263,1.0145169310438429,-0.2947293205564421,-0.4001278583084292,-0.08559005102020557,0.3620888443317092,1.4153354350428597,-0.9427220440003795,-0.8933591807273122
0.6180000000000004,0.6950441940302473,-1.5195398661133654,1.0439991234951886,-0.3979680268446717,0.9802370886598206,-0.27380144556815617,-0.4001022875158559,-0.08557879149716777,0.3617854734954371,1.415321320987319,-0.9426439435175858,-0.8932960646907313
0.6200000000000004,0.5889525313852515,-1.5833447389376838,2.0966694231466483,-0.411406775967658,1.0066278118375218,-0.26633937620273623,-0.400110091212485,-0.08556795317195828,0.3616487864458101,1.4151863968468652,-0.9426247010103305,-0.8933945937464639
0.6220000000000004,1.2296740083029265,-0.7242307473059484,2.585642854275034,-0.43061396402859486,1.0357679360187906,-0.24745829912299097,-0.40009396538198744,-0.08557653824359378,0.36150205096934596,1.4151505403144027,-0.9425742145677153,-0.8933718391115677
0.6240000000000004,1.49894225646635,-0.28858865375301224,4.361241682014259,-0.45525135990407684,1.1037029724709768,-0.2769823114926813,-0.4000966035363428,-0.085554669333444,0.36136651928627045,1.4151200665286914,-0.9425864136770762,-0.8934005153496644
0.6260000000000004,1.523781756218695,0.38962958216916166,5.04480930120039,-0.4523478051517241,1.1253380839691498,-0.2922061139071495,-0.40009249602493013,-0.0855423356543922,0.3612167376486048,1.4150229052244516,-0.9426343689619789,-0.8934156811698698
0.6280000000000004,0.7175680344727928,0.4927680847589354,4.3558170122226345,-0.4299654127385368,1.0534946372665297,-0.31358794347956576,-0.4000811926762093,-0.08551377724513182,0.3608972276438963,1.4150552408054482,-0.9426264456676048,-0.8934733554515332
0.6300000000000004,0.09259769449696498,0.9077783355870825,4.639327793075062,-0.46325234251626657,1.026200250591932,-0.29796334021951915,-0.4000762263659885,-0.08550086851974631,0.36078290935931245,1.414891017118506,-0.9426027789325151,-0.893523237729457
0.6320000000000005,0.5576296569825221,1.8073089209896742,6.874933130039827,-0.5084894605311853,1.1218549802831723,-0.32246940984554784,-0.4000773909267862,-0.08548794429821738,0.36053811600538394,1.414664438716648,-0.9425125739392256,-0.8935923861703016
0.6340000000000005,0.8236100956926238,2.124654443781779,7.622333724358802,-0.5120257186838283,1.1596862164612662,-0.35426488742138185,-0.40008080418533726,-0.08546962970030511,0.36037494934794057,1.4146338597475252,-0.9426210704919495,-0.893641626053993
0.6360000000000005,0.868221658994782,2.2632019746711953,7.846619488904048,-0.5149656317725029,1.1497009920246224,-0.3571270184703787,-0.4000904443489416,-0.08546264610309551,0.36023854162019486,1.414576170538519,-0.9425977202242118,-0.8936533023968685
0.6380000000000005,0.9123156918675954,2.2696746174568108,7.719797204869312,-0.5320154778320519,1.1420573542725465,-0.3430658852947376,-0.40006630886803335,-0.08543241718315271,0.36011067252580403,1.4144691785097832,-0.9425875564183454,-0.893672025741132
0.6400000000000005,1.3386232680096346,2.482413762383045,9.056070299559167,-0.564705401329441,1.1377822239364195,-0.33689122355650936,-0.4000806261638938,-0.08544587078118906,0.3599063967022066,1.4146302348058177,-0.9426090731267462,-0.8936840876292711
0.6420000000000005,1.7983633304863815,3.0250404805765467,9.530816222174415,-0.593960020600188,1.168804278556192,-0.32684061018574573,-0.4000737342318724,-0.08544154634485362,0.35981058203580135,1.4145051153033088,-0.9425300984971311,-0.8937008122241829
0.6440000000000005,1.8693704236720001,3.6104823674885833,9.788722996884106,-0.5952393803845233,1.1835476928887103,-0.3329050145128764,-0.4000932583159599,-0.08543825102265505,0.3596319540601427,1.414589987017551,-0.9426635550340539,-0.8936576150148315
0.6460000000000005,2.0558390469513057,3.645777358822147,9.176596919457978,-0.5515605447905474,1.1149754368116165,-0.3436051365262841,-0.4000913384612206,-0.08542532546369869,0.3594813035249658,1.4145656976063947,-0.9426232112798444,-0.8937063520416452
0.6480000000000005,2.283813684078235,3.065804020517226,7.599014191670643,-0.4794808896913496,0.9745805739914546,-0.350296490631016,-0.40010892636134837,-0.08542311686610989,0.3593459123881622,1.414540602248582,-0.9426938135577361,-0.8937374412577279
0.6500000000000005,2.0414131015434376,2.7896190685886593,5.759456497892583,-0.43290383972623314,0.8358129593772001,-0.3257041471848195,-0.40011156786348623,-0.0854271150945577,0.35916233356215505,1.4147385120242544,-0.9427181658428708,-0.8936716300239955
0.6520000000000005,2.213072543084346,2.393407122752067,4.102707555098804,-0.3973602340572897,0.6888906284498751,-0.3115475023747283,-0.4001212403608797,-0.08541949322067116,0.35901252223033947,1.4147772240701966,-0.9427647227345022,-0.8936699211191835
0.6540000000000005,3.479345139983718,2.4734813014691737,3.247679484447963,-0.3077930665157988,0.4873524350576523,-0.27589378234511747,-0.40013490124125123,-0.08544185259611767,0.3588456852559919,1.414929481385961,-0.9427519013620134,-0.8936240752282867
0.6560000000000005,2.8828680437888914,0.4919616259632126,-0.3861832679850602,-0.1954767476740195,0.10524188920825323,-0.2700321503459048,-0.4001374081026755,-0.08545529102804303,0.35863844234437886,1.4151848147506167,-0.9428529930511904,-0.8935509406998029
0.6580000000000005,1.1583056410064687,2.6179525745299097,2.0510783858390798,-0.09590640004546765,0.28761021898801525,-0.23012382411231977,-0.4001534115807203,-0.08543102719773339,0.3584615598149737,1.4152944088587704,-0.9430720100253436,-0.8935720196237897
0.6600000000000005,3.7172293603538686,2.600345295835409,-3.570992919045045,0.16587905223363283,-0.21607940388903613,-0.2734905358236341,-0.40017943916733023,-0.08545800854133342,0.35825653810830105,1.4155535679387048,-0.9431257954723256,-0.893443565075038
0.6620000000000005,0.5011700182917758,-2.8140915236454687,-10.12897192097566,0.09726905591664159,-0.4910549717158311,-0.20314239399760395,-0.40020914655138906,-0.08545160003041688,0.35767825524135916,1.4160836440882365,-0.9433672311839688,-0.893421508436155
0.6640000000000005,-0.17354157981488327,-1.2375694130228556,-8.15798192555968,0.2560986801017725,-0.2643137465472245,-0.06729838307514399,-0.40021250568199884,-0.08547180004092991,0.35749454400730063,1.4162686295163016,-0.9433322138218885,-0.8934351768325849
0.6660000000000005,1.092822141174215,0.25136228296064933,-9.897526302592423,0.3183436771046061,-0.24645961279510947,-0.17269622852943126,-0.40022380918116857,-0.08547450961154102,0.35729675627889196,1.4163723149228844,-0.9433953994899988,-0.8933960061703792
0.6680000000000005,1.4481960115734325,-0.7599363168635664,-10.691214790443423,0.1164062001882204,-0.3500412212950874,-0.21350191747143477,-0.4002294346979556,-0.08549782028699585,0.3570954444520865,1.4165146655384686,-0.9434386712847986,-0.8933579390542723
0.6700000000000005,0.9798360667180114,-0.939757058113813,-10.143795446119027,0.23864541931781302,-0.3423061622516991,-0.13070837295546403,-0.4002157386461392,-0.08547722822195825,0.35694291970002984,1.416490539217472,-0.9434039461897729,-0.8933254099703751
0.6720000000000005,0.5436175920475991,-1.152273808642013,-12.218614635083627,0.12757783467249795,-0.47171630595263947,-0.0750346707996085,-0.4002334699553048,-0.08548185068479781,0.35672295193782727,1.41668200298304,-0.9435652562553849,-0.8932304983893318
0.6740000000000005,0.4539673009322146,-1.157307407135177,-10.473096712313627,0.1826632308670107,-0.39593483631904547,-0.1743052645405027,-0.40023769498757744,-0.0854757954267851,0.35660206361527935,1.4165978154876575,-0.9435368816847051,-0.8933854248441895
0.6760000000000005,0.03624871161770271,-0.27471515524843704,-12.08308417533749,0.27291812186624725,-0.3041966015972448,-0.15383922738460065,-0.4002328481289795,-0.08547396086553814,0.35640987777846334,1.4167261744747233,-0.9435927382306332,-0.8933147791638081
0.6780000000000005,0.8492334095873952,0.01767570854666653,-11.727236414481316,0.24125849517851441,-0.4282479830101098,-0.21853832395870856,-0.4002430885792706,-0.08545792225040379,0.35624143567301364,1.4167158856705109,-0.9436389690089186,-0.8933645393812409
0.6800000000000005,-1.8716873025958356,-0.17505436038034938,-10.937282064938165,0.23008681187228344,-0.38521498314091895,-0.23088323270561426,-0.40023022783942463,-0.08546125575842822,0.35608808522059804,1.4167400713495975,-0.9436325124699081,-0.8933534914673675
0.6820000000000005,-0.03993525713990964,-0.6665317453235413,-13.220176388063997,0.23986921577509338,-0.5661430214735949,-0.17406071025768455,-0.4002343102559826,-0.08542154182790954,0.3559464035030451,1.4166094155898317,-0.9436625249131068,-0.8934118377968862
0.6840000000000005,-1.4641655084169245,-1.0623567986949234,-11.682271798216682,0.1759292069301427,-0.47571760074759356,-0.18480214374831636,-0.40022476500641946,-0.08543401799947191,0.35581813183024996,1.4165806662187386,-0.9436225355004098,-0.8933875418956065
0.6860000000000005,0.3330374710793172,-0.5802398154126902,-10.472242339202593,0.21721147067869206,-0.44145618542008297,-0.15798919381082088,-0.4002228175796477,-0.08542159901941977,0.3556427442878422,1.416614377861209,-0.9436426316390991,-0.8933666284259985
0.6880000000000005,0.8050560351878359,-0.8791540947414929,-8.013172263857673,0.17193245189692274,-0.34290029736384603,-0.18178554025525026,-0.4002195023285923,-0.0854054358013321,0.3555242653981254,1.4164464757718336,-0.943620797926624,-0.8934708950623111
0.6900000000000005,1.69548948574902,-0.1655304481133571,-7.228865856797137,0.20316887060617647,-0.2761989526131071,-0.15508336664471084,-0.40021013507107783,-0.08538326232605264,0.35540354579630584,1.416412962670217,-0.9435861777368411,-0.8935365910067249
0.6920000000000005,1.0145396628800945,0.06963540359152853,-6.58487942966699,0.15866454097351965,-0.23251665132003188,-0.17617273390509752,-0.40019935031913656,-0.08536895610980522,0.35526591503282334,1.4162580740411252,-0.9435317391406816,-0.893547780692059
0.6940000000000005,1.6045493120021097,-0.340074320709136,-7.0030974917480835,0.14836224622341296,-0.27703428143296055,-0.16345373163428267,-0.4001875092206541,-0.08536787493204312,0.3551516880212797,1.4161236265318,-0.9434484773194354,-0.8935677195552284
0.6960000000000005,1.8775436578348172,0.5941688477023405,-3.0519876023723187,0.09894374869001782,-0.20323113907872087,-0.1690823825199942,-0.4001511334888664,-0.08531338054208368,0.354752522427936,1.4158075807408483,-0.943367854296785,-0.8936921367047233
0.6980000000000005,2.5858662376542876,0.6043137057979672,-2.4410843522498005,0.09871594403135164,-0.09953220252771354,-0.19267392252256393,-0.40014771815018063,-0.08529496322734761,0.3546227963681742,1.4157311664551864,-0.9433395456415733,-0.8936903049487106
0.7000000000000005,2.6520452939052963,0.9732384389233276,-1.0565532483471052,0.08354836733258002,-0.08679611275461858,-0.20928944391237314,-0.4001438566052217,-0.0852893890714209,0.3545107371452432,1.4155072333895484,-0.9432769975843516,-0.8937638596264557
0.7020000000000005,2.618189003717465,1.3000838101295369,-0.8227078310058652,0.05280450636087508,-0.07730312199905386,-0.17579054980360204,-0.40014234665907855,-0.08528293346096702,0.3543601114056655,1.4154658525986759,-0.9432420775733118,-0.8937961029579137
0.7040000000000005,3.1186542329132103,1.8947405232769645,0.6249551677090046,0.0033788165433775268,-0.06373142512538243,-0.15620541654436007,-0.4001439388511846,-0.08528016052144571,0.3542274018766528,1.4153553999206405,-0.9432109307939496,-0.8938411354603306
0.7060000000000005,3.0310913213680584,1.966788912324071,1.6604957301761767,-0.07315879404173661,0.020945336059549142,-0.18452701289226842,-0.4001380198433528,-0.08527065822741682,0.35409492974740786,1.415283244857232,-0.9432118641422363,-0.8938183306304034
0.7080000000000005,3.7219935980361707,2.6535988839616262,1.4673226539376016,-0.045610359115353286,0.06706050140389883,-0.1852522553062737,-0.4001429949202778,-0.08521940514705013,0.3539527081817385,1.415272059611029,-0.9432932931111339,-0.8939630810602412
0.7100000000000005,2.6627143686690005,2.2770717897140553,0.6005132270278433,-0.0426748370348216,0.07455414038539285,-0.21499787315878566,-0.40013174333924306,-0.08524612098598028,0.3538127713985407,1.4152377405225331,-0.943224665447609,-0.8938498762333341
0.7120000000000005,2.476690632471897,1.7960002544680824,-0.8643160178670765,0.008130852062424237,-0.05124656971645586,-0.21194972363236006,-0.40014565414667247,-0.08521936331944165,0.3536932904954155,1.4150973704543246,-0.9432419594921089,-0.8939058914966668
0.7140000000000005,1.0451172014753092,1.3324541704446697,-2.3332179214769453,0.013508327443730712,-0.13582875690901866,-0.19893100572624092,-0.40012814829455756,-0.08523505200337816,0.3535254376709453,1.4151734500748272,-0.9432245526148021,-0.8938783979829372
0.7160000000000005,0.6925603571714847,1.032895042918998,-4.193080450338003,0.019787598970318558,-0.1944634465834122,-0.178057925061887,-0.40015780492408753,-0.0852300413861149,0.3533868945599469,1.415178251732573,-0.9432601193647752,-0.8939114536050993
0.7180000000000005,0.7375752569464691,0.5742597511107483,-5.0621748985681085,0.05962577193114951,-0.20686734592344017,-0.20021648225369063,-0.40014570769039465,-0.08521936611802255,0.3530823398850526,1.4152234672187918,-0.9432583885413355,-0.8939789636580261
0.7200000000000005,0.7375752569464691,0.5742597511107483,-5.0621748985681085,0.05962577193114951,-0.20686734592344017,-0.20021648225369063,-0.40014570769039465,-0.08521936611802255,0.3530823398850526,1.4152234672187918,-0.9432583885413355,-0.8939789636580261
0.7220000000000005,0.610511576855839,0.48135510687521843,-6.687059603011915,0.13279664487590176,-0.2713208082483672,-0.20560787961044277,-0.40016536781561773,-0.08521278668134838,0.3527629215341785,1.4153151458843374,-0.9433214891260877,-0.8939503500154975
0.7240000000000005,0.919540329289203,-0.25045666708736464,-7.415078653464914,0.13069566447337766,-0.2786207726056674,-0.20124505088296613,-0.4001745226110702,-0.08523645968942367,0.35260008679075816,1.415404515906792,-0.9433228637779353,-0.893908823114935
0.7260000000000005,1.2555612552294066,0.048467830481820295,-7.167117662451559,0.08791210601136393,-0.27662753332243933,-0.16954116776092407,-0.4001771453748565,-0.08519943972910621,0.35243139621873065,1.4154328026289833,-0.9433825105446177,-0.8939824460608816
0.7280000000000005,1.7765496387503754,0.26556464506071287,-6.261847697100758,0.06315652642220732,-0.2404724360207015,-0.17026122329686075,-0.40017600199630277,-0.08518773153707083,0.35227540821235714,1.4154036354414665,-0.9433872187025047,-0.8939799229869769
0.7300000000000005,1.8947517538557528,0.9656184412773191,-5.85915092425556,0.08426594588920167,-0.192803962023312,-0.19393279881646489,-0.4001824131091424,-0.0851878549690688,0.35198400253714507,1.4153850805884707,-0.943475447391832,-0.8940031141199358
0.7320000000000005,1.0384502136944396,0.367625731896012,-7.080035580460228,0.12649465815217364,-0.21880897771844074,-0.2233607038403384,-0.40019066178147433,-0.08519661963999367,0.3518380068491716,1.4153362268976628,-0.9434467883799921,-0.8940213394786508
0.7340000000000005,0.5552870366483711,0.11487151566982953,-8.332616141275306,0.1469991594714903,-0.29632502629334506,-0.1894512083950452,-0.4001790731276932,-0.08519942738425627,0.35167321761774684,1.4154453014090476,-0.9434012299566976,-0.8939407956117632
0.7360000000000005,0.6170097506115102,-0.1370466158934725,-8.163153197944983,0.11561865136752299,-0.3301618955230186,-0.16951188479752144,-0.40019118649019764,-0.08516199279548334,0.3513910458767084,1.4154027148811135,-0.943447144841586,-0.8940569345000986
0.7380000000000005,1.189044780918993,-0.5286730584154268,-7.710418003015974,0.1260767621487197,-0.26557850601951016,-0.19211173195190154,-0.4001731848219072,-0.08517415228333622,0.351238296925653,1.4154608636788402,-0.9434503736910795,-0.8940308784223885
0.7400000000000005,1.4746990613780384,-0.6050131216522097,-7.230132846179435,0.15928988317511666,-0.2460727568198895,-0.18319154093075615,-0.40017639711077624,-0.08515619890368453,0.3510921610268479,1.4154295221490705,-0.9434805487739526,-0.8940162112427245
0.7420000000000005,1.2903765831686287,-0.557725651860072,-7.3719126930967445,0.1784474699942895,-0.26530399929870513,-0.1936687227038237,-0.4001915193113158,-0.08517070172782448,0.35093987274457283,1.4154864080113705,-0.9434388005846401,-0.8940201203882263
0.7440000000000005,1.2280675549539737,-0.889224312822722,-7.33753836018961,0.1806214420020917,-0.30537743741000156,-0.16457083096333025,-0.4001729464076299,-0.08514126150317414,0.35079545626942865,1.41541078142193,-0.9434838219659852,-0.8940707391492455
0.7460000000000006,1.6430931963903612,-1.3834559340564954,-6.860465572610468,0.13899995642527288,-0.29533965664407436,-0.14179351306332838,-0.40018333865199057,-0.08513169611030007,0.35066487539109514,1.4153331685639559,-0.9434577187353316,-0.8940718031822288
0.7480000000000006,2.3097659484193063,-0.9967944728218371,-5.535820252584405,0.10055239898565307,-0.24193090410283036,-0.13344424174856861,-0.400177648023131,-0.08511180246764646,0.350525196988592,1.4152596655510132,-0.9434892584134886,-0.8941562169860043
0.7500000000000006,2.7353613427929306,-0.08696610708715302,-3.4196921019546975,0.06788099979481803,-0.15597749103124153,-0.1437987293092622,-0.4001739278702437,-0.0851411697143461,0.35039086616993476,1.4152503034868098,-0.9434063560133613,-0.8940749551361523
0.7520000000000006,2.8856150233524027,0.2353560865067309,-2.3372412116058268,0.06804352130753202,-0.10190128857289213,-0.1742370165473151,-0.4001822900632708,-0.08511702607046008,0.350256984343979,1.4151391447969417,-0.9434146397919702,-0.894152578008205
0.7540000000000006,2.5715733385943693,0.7797657904021096,-2.4413095228777113,0.0968789516747316,-0.09462050677474713,-0.203817174282633,-0.40018322003196327,-0.08510218461250578,0.35011121973940956,1.415153834034167,-0.943434762906763,-0.8942085306422446
0.7560000000000006,1.8199078640185282,1.172158953566738,-3.0339900604050767,0.08682138222822472,-0.13316913537543976,-0.20786297563181522,-0.4001688051724901,-0.08508160466676024,0.34996422198903815,1.4151533597701829,-0.9434609698225481,-0.8942863948032576
0.7580000000000006,1.6641935578408873,1.1754373362079202,-2.8483205008333705,0.0437462350894281,-0.1728812693556489,-0.20395663524496466,-0.40017215092410097,-0.0850770442685187,0.3498218893684625,1.4150744818911714,-0.943496608004966,-0.8942425829119295
0.7600000000000006,1.252164898735717,2.059583960761943,-2.6788100000686184,0.00785106005125999,-0.1781436005708884,-0.19979657228459596,-0.400176106677444,-0.08509279592684468,0.3496763047141588,1.4150462079818913,-0.9434370935773918,-0.8942521765786067
0.7620000000000006,1.6417566783744413,1.0037779703350913,-4.195345899496994,0.09006124018848488,-0.18469177074758447,-0.20721558272315632,-0.40016851954243904,-0.08505557887310969,0.3490520103266249,1.4151961300954,-0.9434779331363792,-0.8942438328722312
0.7640000000000006,1.9102571862337419,0.45105891824638317,-3.799451925083746,0.06816578108095497,-0.19922018743751949,-0.1710723122405622,-0.4001643917036718,-0.08502045109702591,0.34890757620367263,1.4150765554533136,-0.9435465101451836,-0.8943044734452064
0.7660000000000006,2.4947768115736273,0.5503011281800904,-3.616738907955669,0.03441799534892331,-0.15479238771335488,-0.15591555929175252,-0.40018236761254555,-0.08503004966901716,0.3487570452686874,1.415112869807506,-0.9435403414353044,-0.894302243162779
0.7680000000000006,2.8193858258758477,0.7799333546999928,-3.1558799266863167,0.016250710435408912,-0.10824646557060094,-0.1652956837159976,-0.4001720119794575,-0.08501678104515156,0.34858796101403144,1.415153787321542,-0.9436240085850939,-0.8942924978124431
0.7700000000000006,2.698196370907587,0.8655215999078549,-3.062129121428612,0.04766117380747817,-0.09948967988748246,-0.18353799548280114,-0.4001858177758667,-0.08500776624314478,0.3484531038992457,1.4151538932720624,-0.9436194591520576,-0.8943683347518405
0.7720000000000006,2.1461059842381403,0.8555575998028282,-4.000553071112595,0.09279407293713107,-0.1684233406691672,-0.19775927558953996,-0.40018653574026636,-0.08501420705642183,0.3483018663797106,1.4151890140296535,-0.9435895004208201,-0.894317277759744
0.7740000000000006,1.247754154425294,0.3792944014153384,-6.345785794679799,0.1086433054275286,-0.23650649706481605,-0.1986937308615653,-0.4002066091892593,-0.08502577351329901,0.3481285147910495,1.4152581934625,-0.9436171194967738,-0.8942843487701806
0.7760000000000006,0.679838526564166,-0.10764118168066267,-7.0156177496515815,0.11585629090248543,-0.3045611640047854,-0.18080217438088042,-0.400203121794783,-0.08501024997840764,0.34797270810240105,1.4152307536278959,-0.9436547555941229,-0.8943919990152586
0.7780000000000006,0.9433702596723563,-0.355968225783871,-6.293210797907616,0.10660669654087641,-0.3076400753307782,-0.17549502074402293,-0.4002175515498501,-0.08501835564288318,0.34780658463748493,1.4152970371006584,-0.9436548688388193,-0.8943257200832844
0.7800000000000006,0.9061176324311879,0.5891868774840615,-5.543462237259597,0.08506996930069391,-0.248395074827399,-0.1860238682707407,-0.4002129199904084,-0.08499993201638123,0.3476683613527046,1.415226706988279,-0.9436873854462046,-0.8943836266223512
0.7820000000000006,1.3807994089291786,0.8266548199428169,-4.803083396933824,0.09298814065156853,-0.18138510491419524,-0.2158248142498494,-0.40023463864135367,-0.08498810500024001,0.3474951727066422,1.4152421984098342,-0.9437501328887736,-0.894450060814832
0.7840000000000006,1.1958029760755808,1.2116072292490734,-4.98260616985895,0.11534435752469112,-0.17078316142308203,-0.21575433484199974,-0.4002308644900303,-0.08498781791585147,0.3473497710500463,1.4152507194176396,-0.9437517447727775,-0.8944662239180139
0.7860000000000006,1.0496425466991994,0.5946961614946499,-5.674869923435996,0.11660964947193736,-0.21603085763999771,-0.224365619815774,-0.40022204886180746,-0.0849924352325159,0.347199226287086,1.4152741314130735,-0.9437275297635923,-0.8944018638956945
0.7880000000000006,1.0247695782085176,0.12705385194506513,-5.895756100694699,0.08832057836106064,-0.26004500407445547,-0.19397336043228783,-0.4002338250159948,-0.08498504910397157,0.34702840886787534,1.415321594090177,-0.9437676332489311,-0.8943694905101025
0.7900000000000006,1.1898936798521276,-0.04104827701515412,-6.130233507361351,0.06589378771238014,-0.266586420843555,-0.17301450066834562,-0.4002268996663053,-0.08498773175969901,0.3468733638700877,1.4153324093737494,-0.9437817594160507,-0.8943428930292712
0.7920000000000006,1.2450323409199144,-0.11826742578845656,-6.226062434529736,0.09236150964859488,-0.2440277334897832,-0.17717733318623416,-0.40023360818879655,-0.0849926562411612,0.3467199684005365,1.4153478654824996,-0.9437975526097051,-0.8943528741072555
0.7940000000000006,1.226075057155747,-0.07991375675247953,-6.866455218181893,0.14015293991988031,-0.2520413568585137,-0.17556879185190025,-0.40022947568407286,-0.08497263615575655,0.34656474674576687,1.415420131363619,-0.9437657182014965,-0.8944407757162971
0.7960000000000006,0.35489262011289124,-1.4451392903710385,-8.88813313391609,0.20116162754780595,-0.397280693917961,-0.15626089917048697,-0.40025197491829523,-0.08494737023053378,0.3461154091748818,1.415369514977953,-0.9438354846741468,-0.8944904936388463
0.7980000000000006,0.9675711511926662,-0.8649572013853623,-7.88257232161845,0.12914022743975984,-0.3400293363639799,-0.13901375658971862,-0.4002519625573452,-0.0849445372599612,0.3459606047619551,1.4153214290223113,-0.9438546346369382,-0.8945267037346196
0.8000000000000006,1.60385011229496,0.3973043205885845,-6.2861773457753936,0.08723996050090502,-0.2529836800247683,-0.16237840574247187,-0.40023702021789226,-0.08494335733508779,0.34581688397330246,1.4152842066359828,-0.9438135206071171,-0.8945031335051558
0.8020000000000006,1.9916206720899343,0.7863352027637485,-4.628573304916096,0.09474567818393548,-0.1739333685604515,-0.19334625033132857,-0.40024645223071864,-0.08493337750332189,0.3456735661453199,1.415207742500236,-0.9438222505979341,-0.8944992405266369
0.8040000000000006,1.9760791829742395,1.0206392247548028,-4.50005726253189,0.11516943504296709,-0.17230283758136958,-0.21589495107873277,-0.40022906806623276,-0.08492557452387738,0.3455513888733298,1.415110945763704,-0.9437272665962608,-0.8945638123358677
0.8060000000000006,1.8175218806020255,0.94847612737638,-4.880973706331032,0.12005711575700663,-0.2044730671733582,-0.21821750971062312,-0.4002463157181412,-0.08491082587397838,0.34542122792852636,1.415018467379438,-0.9437859438661187,-0.8946471967888918
0.8080000000000006,1.6354324096885298,1.044189082274244,-4.385667152771917,0.08095786163728562,-0.2352920552428016,-0.20154759293079066,-0.4002340468404378,-0.08491782948376281,0.3452636177247171,1.414998978108678,-0.943741762340683,-0.8945463787226572
0.8100000000000006,1.9886817525306875,0.26689310327052995,-4.251604313222576,0.05118823906839704,-0.21372120797724525,-0.20551565697705604,-0.40022921633700415,-0.0849205649684584,0.3451195598147553,1.4150508320311777,-0.9436831933027753,-0.8945987940053176
0.8120000000000006,1.4450624956294367,1.2790403326710256,-4.454573503016131,0.07732914131329677,-0.1825802378864155,-0.22425217805727898,-0.40024139105391043,-0.08489286549480325,0.344832118878819,1.4149673071354965,-0.9437745246918696,-0.8946618359498679
0.8140000000000006,0.7470193555180306,0.994392108239026,-4.922060015666782,0.12923684374359834,-0.23256366618660293,-0.21855880638210445,-0.4002414809080338,-0.08489514800849404,0.34468651034538517,1.4149814645714225,-0.9437355251337379,-0.8946472212333194
0.8160000000000006,0.6849482957441444,0.01792049601844979,-6.869156836585844,0.15938140891431066,-0.2796240696296548,-0.21121194871254184,-0.4002448194501205,-0.0848792413263528,0.3445659080044877,1.4148890270662615,-0.9437579153599281,-0.8946899652737443
0.8180000000000006,0.8949300449701321,-0.3729318140804701,-6.872939725004795,0.14841318556527183,-0.31242438546736534,-0.17468919395931062,-0.4002426462068735,-0.08487542367334802,0.3444117836284545,1.4149314926954366,-0.9436673880093274,-0.8947000703304409
0.8200000000000006,1.481261667432376,-0.977817952030932,-6.203491472608459,0.10594347346331304,-0.2974817611564562,-0.1610419652741037,-0.40023452055963615,-0.08485115174470997,0.3442616249084388,1.4148675089993283,-0.9437545236542072,-0.8947188788815955
0.8220000000000006,2.300003777452195,-0.3691072685348675,-4.73669700127466,0.09369494733925121,-0.23780778322860627,-0.14380383804612923,-0.4002448600174682,-0.08486743712367602,0.3440970197395929,1.4148936166241375,-0.9437355490027922,-0.8947151787681286
0.8240000000000006,2.6057461694243456,0.05344656501798639,-3.507159730448923,0.09261242883914318,-0.156829423184262,-0.16679971150984876,-0.400247155497616,-0.08485320478969689,0.34396006420347786,1.4148661827150704,-0.9437223380057982,-0.8947230328952435
0.8260000000000006,2.7434886063505366,0.5171042685117189,-3.0928392509256875,0.09497745278635658,-0.13060437249155893,-0.18295172370911766,-0.40024324324001875,-0.08483568920519532,0.3438363650664145,1.4147453203557572,-0.9437130943722559,-0.894783493964006
0.8280000000000006,2.249425123254183,2.0401615088527447,-1.6607538436798974,0.00629932152561765,-0.10678765617196403,-0.19015394689530948,-0.40024502579397886,-0.08481334074613034,0.34323873615251493,1.4146832679845192,-0.9437546879488939,-0.8948653948817916
0.8300000000000006,2.3574203322824516,2.2474337163664173,-2.0966020848991698,0.028701353990613583,-0.08632255630992862,-0.21818288586423198,-0.4002538341210081,-0.08481797263672135,0.3430763897877555,1.414793618852912,-0.943739646350844,-0.8948580069717961
0.8320000000000006,1.9340645683667668,1.9590252735716636,-3.114342032460546,0.07456176280742319,-0.11750099921865748,-0.23231031416289147,-0.4002649857821359,-0.08482734933102444,0.34294581930563084,1.4147725839921954,-0.9437566129455346,-0.8948389590558995
0.8340000000000006,1.408628490019121,1.63432984633963,-3.806493606952544,0.09260289939624172,-0.1980108227577612,-0.220639916936035,-0.40027092129228864,-0.08480864286123525,0.34280680449880513,1.4147105971430445,-0.9438003224833338,-0.8948744228368803
0.8360000000000006,0.9988950209424483,0.8863180009444203,-5.123396693236066,0.07636777144767587,-0.2408485875524844,-0.1997129709236117,-0.40027106552652486,-0.08480807672560794,0.3426391940574093,1.4147886947982387,-0.9438346215898878,-0.8948806353477177
0.8380000000000006,1.3085997296971923,-0.4447234360126983,-5.769139311647325,0.09874688474025742,-0.26420475087884915,-0.18322151466294118,-0.40029081830660146,-0.08480769966680701,0.34250948236802176,1.4148095846745676,-0.9438435464711928,-0.894886251606906
0.8400000000000006,1.6440601095421656,-0.7653691505399147,-5.780351068469489,0.11260400095117996,-0.25624755975175845,-0.1756908927748277,-0.4002860487268759,-0.08480207777120916,0.34232250217794546,1.4149567115252408,-0.9438672875854704,-0.8948677672583437
0.8420000000000006,1.6535520732436817,-0.40067306831011784,-4.994345494070615,0.11692328181984704,-0.2401424925693213,-0.16929657704891996,-0.4002768254582071,-0.0848011145787481,0.34220636735439564,1.4148247821360365,-0.9438218975055762,-0.8948385480840421
0.8440000000000006,1.6685495903295369,-0.1803737881630738,-5.219348729459018,0.13148180150584612,-0.22849728939076538,-0.1695232352248493,-0.4002912311316221,-0.08480040845663349,0.3420273209509797,1.4149734395357265,-0.9438439938720166,-0.8948358360991839
0.8460000000000006,1.6257807342343393,-0.6706679921908834,-6.192120798217636,0.1351222279269682,-0.2291402759569093,-0.18003385947220768,-0.4002924685422427,-0.08478867060778679,0.3418667237601127,1.4149674753857866,-0.9438915756143832,-0.8948557091489304
0.8480000000000006,1.4915104638045666,-0.48022884965493734,-6.132892005742402,0.12499801319957779,-0.23792666766509343,-0.15908750442722408,-0.40029291696944286,-0.08477320524751908,0.34172947348561206,1.4149183064592852,-0.9439732519422134,-0.8949149313110559
0.8500000000000006,1.6494278248957701,0.35244629917841686,-5.256074112743734,0.07600438704469668,-0.2592658442376967,-0.15552727870037072,-0.4002795442134233,-0.08475637341144665,0.34156934129206146,1.4149330453560922,-0.9439753260843626,-0.8949052802435755
0.8520000000000006,1.8293678341702047,0.8454011622167056,-4.527641174033115,0.042317362441991656,-0.20633352562164342,-0.18584569328180875,-0.4002831062023583,-0.08476088469985732,0.3414262700399085,1.4148840510119318,-0.9439796886058988,-0.8949055410068305
0.8540000000000006,1.9011234282929883,1.878693924042356,-4.01078510661933,0.056564582900737126,-0.16211425543439117,-0.21943531865490812,-0.40028760496142535,-0.08475426423854163,0.34124974785673623,1.4150149774685685,-0.9439997149734662,-0.894982831619776
0.8560000000000006,1.351590044959305,2.1458953753881165,-4.561470035760941,0.09168565553610859,-0.16221665232927265,-0.25047017869845656,-0.4002924803023685,-0.08475664256114177,0.3411019354726874,1.4149915979539982,-0.944027581940008,-0.8949346232967306
0.8580000000000007,0.725453050912988,1.6420331842407525,-6.603514772729266,0.11979294013657067,-0.23120601169247088,-0.26648374428321575,-0.4002956069104021,-0.08474286317113244,0.3409441995176468,1.4150089426960208,-0.9440568879619028,-0.8949698567376777
0.8600000000000007,1.5626195250905777,0.07362507423225667,-6.140520745959709,0.1266663471455085,-0.2234614213732513,-0.19271478780285484,-0.4002964714836272,-0.08473309655446956,0.34034770102230405,1.4151175027148843,-0.9440220824115635,-0.8949832308192972
0.8620000000000007,1.7288967979257077,-0.3501986226687385,-5.782072463652937,0.15267532773777984,-0.20401412882039904,-0.18983066146759253,-0.40028577186771686,-0.08472206012375105,0.3401898973759884,1.4150884952027645,-0.9440690914309915,-0.8949586033199929
0.8640000000000007,1.4944934393281089,-0.4589536244030863,-6.0127306073520845,0.16548643728961165,-0.2471821352143271,-0.17485680724520117,-0.4002976777136839,-0.08473038828818526,0.3400421779058329,1.415089985626217,-0.9440291733967334,-0.8949632793536995
0.8660000000000007,1.6043120547873961,-1.2871376365994944,-6.37550851969021,0.14815041075254198,-0.2736077394206368,-0.16326598474148585,-0.4002832934776828,-0.08470673226670394,0.33990530722366874,1.415063456660462,-0.9440412128857939,-0.894998373017267
0.8680000000000007,1.8569744535129455,-1.2421949673989676,-5.839547418791745,0.10224843561283745,-0.2566510113711123,-0.134776747572804,-0.40027892984386226,-0.084701261471808,0.3397573017639101,1.4150217341128186,-0.9440599658782677,-0.8950174550270579
0.8700000000000007,2.087517442435415,-0.24766358132952393,-4.85421016810862,0.08232684719652238,-0.2122515263766543,-0.14230007355531749,-0.400294161269983,-0.08470122165207462,0.33961415810673135,1.4149588957698938,-0.944055542168915,-0.8950224397143106
0.8720000000000007,1.8270735710877823,0.8290106032622954,-3.6081440478942626,0.06936855156586297,-0.17700930072838927,-0.1739326749664008,-0.40028671196984533,-0.08468588359038097,0.33948427510052237,1.414911670292127,-0.9440508903177822,-0.8950891136192564
0.8740000000000007,1.8185572059105786,1.109666728498948,-3.786748383419414,0.09307062512209532,-0.1633175249369345,-0.23011021455247438,-0.40029506066675974,-0.08470097829457468,0.33930626716875345,1.4149970719071867,-0.9440741037206483,-0.8949872662686285
0.8760000000000007,1.1157284094676785,1.6244055513862277,-4.56458481633883,0.12719194178492318,-0.2017512554918055,-0.23215929118869508,-0.40029104964927664,-0.08468968977892022,0.3391866125282802,1.4149230803225403,-0.9440447732528519,-0.8950702253843323
0.8780000000000007,0.8422120100992394,1.4677519239093795,-5.252422510649773,0.11043693889051215,-0.24347521930478508,-0.2341070261241178,-0.4002913602653297,-0.08467273282745458,0.3390266630676154,1.4148901640422895,-0.9440844973030456,-0.895136349797315
0.8800000000000007,0.8578556520718583,1.1315103348959923,-4.8221542388164575,0.0638471874870356,-0.2534943947431645,-0.21480325730157734,-0.4002852462841265,-0.08466702340588922,0.3388655972768326,1.414895354054225,-0.9440501383402011,-0.8950903747120056
0.8820000000000007,1.7153063948026612,0.7489065771497009,-4.30269696789925,0.056532124055314416,-0.222615433565622,-0.20658667220445265,-0.40029604208287717,-0.08467048375243674,0.33874291286699587,1.4148092787449305,-0.9440511030632339,-0.8951283961874109
0.8840000000000007,2.0091449430683355,1.0415714451393123,-4.0296092811800515,0.08646264806230068,-0.1749706039701713,-0.2036586524910695,-0.4002867770828096,-0.08465587753786337,0.33857360142132553,1.4148918120579896,-0.9440530513174307,-0.8951234478239083
0.8860000000000007,2.0055025319040034,0.49045498932494164,-3.842083132774197,0.12908464391667002,-0.1738621652968924,-0.22002891162942437,-0.4002755096845066,-0.08464221712814593,0.3384508236734925,1.4147932158081893,-0.9440306147903254,-0.8952335779709627
0.8880000000000007,2.0546851373722546,0.1394934009513913,-4.655552056148166,0.1429766789185558,-0.2017687421405109,-0.20409846580735275,-0.40029275792196173,-0.08465150005666705,0.33830124423017105,1.4147220741883832,-0.944030164865911,-0.8951437232287515
0.8900000000000007,1.7382999272003123,-0.03582525214004717,-5.298519814240298,0.11637900642804754,-0.22939258489881256,-0.16795373115142315,-0.4002980230658176,-0.08464934672334576,0.33813376015438606,1.4148020721716115,-0.9440269379545504,-0.8951756516657832
0.8920000000000007,2.7864398687465006,-0.12546325450559082,-3.415323484168396,0.04045027040163139,-0.16206074391094322,-0.14516677009850176,-0.40028002587030587,-0.08462854860479435,0.33782964156075235,1.4148200346419162,-0.9440225526930874,-0.895138367721123
0.8940000000000007,2.2420366180743114,0.7069527704196856,-3.6212691111639264,0.10080396854628661,-0.12252515362303502,-0.1928387894826591,-0.4002986861535298,-0.08461750509487305,0.3375477651701413,1.4147220576868142,-0.9440156554640056,-0.8952359074706681
0.8960000000000007,1.5491324235285382,0.3492057464511217,-4.806538585629009,0.13383037529332514,-0.18926892030229167,-0.2198071219548877,-0.40029859942419443,-0.0846139063010666,0.3373818398986754,1.4147507906878998,-0.9440378735956036,-0.8953135348370916
0.8980000000000007,0.7571449723716699,0.6829757004638655,-5.510519379820272,0.12578896935401676,-0.2650470345983052,-0.20607067677734625,-0.40030333035178683,-0.08462986730912554,0.3372198286631826,1.4148105509808615,-0.9440555021866427,-0.8952425761387328
0.9000000000000007,0.6257441870486973,0.9180359081522671,-5.418880012958798,0.07972637381167368,-0.28355301575288455,-0.20390145733904214,-0.4003000573379436,-0.08459265377780545,0.3370588289790859,1.4148082625227247,-0.9441342061192656,-0.8952406893098569
0.9020000000000007,0.9237772510073063,1.4838077550422708,-5.05606132007644,0.06031119294098155,-0.24175605893869376,-0.20435372569571641,-0.40031472155111797,-0.08459488580958004,0.33693787085081206,1.414672755881032,-0.9441158003186321,-0.8953366764384202
0.9040000000000007,1.28605497079072,1.25338670225837,-4.396285278977158,0.08424183093655713,-0.2019576154266683,-0.2307208324455027,-0.4003124560453788,-0.08459158837102934,0.3367731284746037,1.4147660415965477,-0.9440971992058745,-0.8952646815178275
0.9060000000000007,1.3963248243250783,1.122565435676321,-5.081358053969443,0.11098900744473947,-0.1874281260712329,-0.2405831446672096,-0.4003015629169642,-0.08457236926401886,0.3366275965407219,1.4147258423165623,-0.9440993490682673,-0.895332080216522
0.9080000000000007,1.8511261330915858,-0.3105359954536754,-6.301212043000673,0.1375864685223919,-0.2658572271829296,-0.19659615419830745,-0.4003191589526759,-0.08457787235884245,0.3363223779042471,1.41473289950142,-0.9441435850537718,-0.8953741473252963
0.9100000000000007,1.8729845815003958,-0.2506366991535913,-5.989510231412563,0.09872386571614034,-0.25082450061525924,-0.15120833670149905,-0.4003088295744074,-0.08458918100269217,0.3361633346024184,1.4147467288290565,-0.9440858259585465,-0.8952897069020259
0.9120000000000007,2.322102514436632,-0.16676903400407828,-5.509997823240575,0.07287964088417631,-0.21302623051401956,-0.15950762166393284,-0.4003245140824338,-0.08457948563053194,0.33602087608218256,1.4147048208633857,-0.9441464668557136,-0.895319865229884
0.9140000000000007,2.6799359195071872,0.25358270481306,-4.934884675792602,0.08459254301402935,-0.1798339759096292,-0.1731601099060574,-0.40030741513622914,-0.08457840054453392,0.335881520873895,1.4147167618411212,-0.9440654052776063,-0.895326300479935
0.9160000000000007,2.405388416755106,0.21436301330765095,-4.862689412682685,0.123416699373469,-0.17934480788442425,-0.18592758735463932,-0.4003184832273211,-0.0845660982812906,0.33574018047022797,1.4146630755881675,-0.9440996325576494,-0.8953681992048075
0.9180000000000007,1.8840678934185493,0.18721627920275163,-5.789247898075611,0.15486998011971687,-0.2247519062793128,-0.1922410320948894,-0.4003250776740798,-0.08458010862299825,0.3355782790819545,1.414738629256053,-0.9441197208529357,-0.8953805243739031
0.9200000000000007,1.2948243555788115,0.036013325283661635,-6.698697123435555,0.14359836130856296,-0.2723736774234152,-0.18792983899001478,-0.4003232760112488,-0.08455168797593256,0.33541309102516914,1.414741574867437,-0.944169818315349,-0.8954124575163351
0.9220000000000007,0.9607679175766256,0.16854404176080634,-6.900865363901984,0.11047208326344304,-0.2771215251149787,-0.17052693933841379,-0.4003318878002705,-0.08456764443377511,0.33528418097614227,1.4146896420968167,-0.9441069115212775,-0.8953678016852369
0.9240000000000007,1.3382132582663102,0.4270931403374628,-5.262999003271932,0.0798603346541987,-0.25754033824086664,-0.1886842002404644,-0.4003262669458565,-0.08455504926133864,0.3351700888606727,1.4145170710726525,-0.9441128515775096,-0.8953954722122562
0.9260000000000007,1.1141783671193761,1.3849366756147679,-5.2247096576775816,0.11978458409936325,-0.19910631479509688,-0.2341966002099231,-0.4003456583744499,-0.08455063625416402,0.3347026371035091,1.4146761124301004,-0.9441463690610138,-0.8954976107758172
0.9280000000000007,1.1367795326732222,0.65852322337508,-4.769972047246503,0.06993222379185908,-0.253944478812489,-0.18903234361982907,-0.40036292912472426,-0.08453335095531589,0.3344236525768864,1.4146038139538024,-0.9441636608204258,-0.895501725827484
0.9300000000000007,1.943917731362536,0.16574733609121672,-4.9454307315710935,0.06925138061918677,-0.21675754153409355,-0.18577867853011548,-0.4003471637476704,-0.08451946422326273,0.33425356406022133,1.414680570736049,-0.944241865829841,-0.8954665416666908
0.9320000000000007,1.8855064893068372,0.3496234328304184,-4.843744672536934,0.09650164875607248,-0.1811670327747507,-0.1871842167767754,-0.40036137676530426,-0.08451503851587563,0.3341293983100036,1.41462010657088,-0.9442193426453596,-0.8955780096614679
0.9340000000000007,1.5230781460473146,0.0945026023656943,-5.06655930065112,0.12566348278877665,-0.20308001282841498,-0.21252519303855266,-0.4003522901645692,-0.08450504070573847,0.33396043804931697,1.4147009853020107,-0.9442419080057658,-0.8955277624019364
0.9360000000000007,0.9532807083809495,-0.3800788724211003,-6.237446111035414,0.1650278482652533,-0.25784060724135144,-0.2001233222453369,-0.400357793626753,-0.08451254096615268,0.33382260517073703,1.4146945942663933,-0.9442222634458741,-0.8955030092628763
0.9380000000000007,0.7430599802029423,-0.9253498294401636,-6.729858331919842,0.18062298513962172,-0.3109035166765362,-0.17310392310345565,-0.4003554783299185,-0.08449916736829058,0.3336942534074139,1.4145884826105002,-0.9441690489568257,-0.8955510061949904
0.9400000000000007,0.7571577832526188,-0.7232314167595605,-6.551140913790726,0.13714563458243695,-0.31038290414514164,-0.15226637408113702,-0.4003565433130791,-0.08449208029853841,0.3335238024203654,1.4147096620358148,-0.9441854439725432,-0.8955480585421264
0.9420000000000007,1.249919907486253,-0.2449030502910413,-4.993512819399101,0.0912988164197156,-0.24813018801813774,-0.16299958879049262,-0.4003511795941014,-0.08449130105280936,0.3333732373606368,1.4146463275011212,-0.9441803219315268,-0.8954908122281617
0.9440000000000007,1.6480209777207502,0.7635461455743782,-3.1590948629100883,0.07710964654130145,-0.16583995765026435,-0.17792982351925857,-0.4003623091595782,-0.08448858470392742,0.33324361853355144,1.4145392916823032,-0.9442150174616616,-0.8955998120845389
0.9460000000000007,2.010050986370478,1.1954835966690658,-2.3807481150299132,0.07414422578879117,-0.10852445675158277,-0.2114083385128664,-0.40035648679317465,-0.084481981363665,0.3330802592486371,1.4146023798639247,-0.9442143016346539,-0.8956051325799174
0.9480000000000007,1.8269704585426254,1.5831155021554384,-2.4990815786857983,0.08697807838653429,-0.11557260149199232,-0.22647139242264738,-0.4003646156374568,-0.0844937680475219,0.33293936385286127,1.414597211120269,-0.9441872731097698,-0.8956074846749592
0.9500000000000007,1.4191255038314765,1.2387494890952977,-3.408112215118476,0.07726743293925464,-0.16695178773525432,-0.22137249860273706,-0.4003698966717577,-0.08449020214996897,0.3327795034062098,1.4145604609195868,-0.9442347863648207,-0.895567892652871
0.9520000000000007,1.3899411018427696,0.7022398189295939,-3.5944272220180142,0.06778428632213918,-0.21781116972883752,-0.1897881111604989,-0.4003679255528942,-0.08446075175108897,0.33263147036988716,1.4145855066662372,-0.9442631486930108,-0.8956208399921014
0.9540000000000007,1.533760867829849,0.840740043412003,-3.4013274796438884,0.048477740229208116,-0.196114746197366,-0.17966175744175855,-0.4003635029630868,-0.08446279751816993,0.33251005533060185,1.4145108355423297,-0.9442429812362739,-0.8956046853399383
0.9560000000000007,1.8171674793942973,0.5059189275901952,-3.931231293141172,0.06973568753744784,-0.15880291566660878,-0.20848453119663224,-0.4003584332506397,-0.08445989959387305,0.33233498137100437,1.4145903868465168,-0.9442786709360679,-0.8956118487434311
0.9580000000000007,0.9473818137337946,-0.783949620764382,-6.720960291253594,0.1348660879829269,-0.33041639463689854,-0.16216865489218463,-0.4003716930428526,-0.08442272681999746,0.33171809131720065,1.414734936238818,-0.9443444696481936,-0.8956708357270272
0.9600000000000007,1.4732894999424295,-0.9161366615921407,-6.4514911656694265,0.12857779245830356,-0.2822356814072569,-0.1524590055033626,-0.4003640685984134,-0.08443004065859291,0.33155915495396926,1.4147275276640991,-0.9443608096765824,-0.8955919490930244
0.9620000000000007,1.601626537710433,-0.019441456794839718,-5.41336450404636,0.11017246180726371,-0.21630980570086242,-0.1606174287053207,-0.40036570040815667,-0.0844125333600036,0.33141578493153,1.4146334068184054,-0.9443679553406438,-0.895688455961645
0.9640000000000007,1.5691211747127365,0.6364170741402285,-5.153428011751346,0.10725018609099127,-0.18079737337840932,-0.1897277284411126,-0.4003695644688886,-0.0844019253687813,0.3312776923294681,1.414590685699661,-0.9443945139457266,-0.8957124402904958
0.9660000000000007,1.425015485954591,0.7295005699337668,-4.984467142719348,0.12839638649540452,-0.2006387982012679,-0.20907584285809352,-0.4003681861837607,-0.08441024358081281,0.33111620484637094,1.4146423747979726,-0.9443574840993438,-0.8957371968677086
0.9680000000000007,1.2830020791795411,0.7079007486314801,-5.6900051774793,0.1252139867169441,-0.2437501926036498,-0.21500786870430597,-0.40036634593234577,-0.08440149950869488,0.3309801413499852,1.414596897708867,-0.9443215203654322,-0.895725699005229
0.9700000000000008,1.1021120632069263,1.0006936088570466,-6.01873568463784,0.08092681689683269,-0.2622232820670087,-0.19690825856989272,-0.4003565419466196,-0.08437634815478381,0.3308214783426764,1.4145440082392682,-0.9444207728916357,-0.8957488127314089
0.9720000000000008,1.3923609437118745,0.9256108130382171,-5.4354459132239334,0.05366721663889735,-0.2446742232256834,-0.21298786342973758,-0.4003581611598285,-0.08437079621263674,0.33066853848645233,1.414611131242673,-0.9443963212946962,-0.8957781310309083
0.9740000000000008,1.3967726241706986,1.5950725986994971,-5.245981145382764,0.06502669619403464,-0.20810135547092654,-0.20249496751815454,-0.40036639488424197,-0.0844086468256713,0.3305132966058741,1.4146441366988705,-0.9443199050050275,-0.8957093464893483
0.9760000000000008,1.4082559450555323,0.947148541837176,-5.96866775232453,0.13719594037876823,-0.21734702149689253,-0.2331401162947811,-0.40036252580003706,-0.08436687968227277,0.33036037813628133,1.4145756651305446,-0.9444390996847236,-0.8957850477909476
0.9780000000000008,0.7404691874104534,0.5781917351235034,-7.458429074547182,0.19417820219290416,-0.2762238201592069,-0.22370478363910318,-0.4003631588896816,-0.08437304805884757,0.3301997570421187,1.4146466346942055,-0.9444053329227473,-0.8957292815524641
0.9800000000000008,0.5694357256947855,-0.26477621250565475,-8.24599213511225,0.20340231394898267,-0.36069934313778024,-0.20568221259825198,-0.4003689655862752,-0.08438066375380537,0.3300845884556187,1.4145554131482403,-0.944305987391518,-0.895780776484483
0.9820000000000008,1.0520778285398587,-0.7518129133494691,-8.056283077763059,0.157186737432794,-0.3533608254290088,-0.16057028443999652,-0.40036087156881034,-0.08434298122276426,0.32992753959409393,1.4145065422172007,-0.9444451360984139,-0.8958042104954393
0.9840000000000008,1.9251182239398816,-0.6731992537140685,-6.305010815078407,0.10754428820657781,-0.2847295149714201,-0.16080703554304762,-0.4003331703288611,-0.08434912439900488,0.32980307972065137,1.4144452879265321,-0.9443114188529962,-0.8957628239592568
0.9860000000000008,2.4754614576241245,0.01984728121084467,-4.63295042354735,0.07158817399846329,-0.172402520900589,-0.16934258586031847,-0.40035581722451596,-0.08434349980610867,0.3296471322583358,1.4144133403298746,-0.9443265874017681,-0.8957884308177566
0.9880000000000008,2.7198912236838537,0.64385616634112,-3.1565871536543657,0.08622302430884192,-0.11249985382898149,-0.18505498033821774,-0.40035976140144913,-0.08433784220743643,0.3295165670295947,1.41435955904148,-0.94427815415901,-0.8958695343674027
0.9900000000000008,1.4771447093118009,1.2346156592851227,-3.669097370233437,0.03938572412267401,-0.20654746298540747,-0.19127633792986046,-0.4003577737250942,-0.08431575497460708,0.3289128240073172,1.414336226084944,-0.9443180585270488,-0.8959214636891599
0.9920000000000008,1.4480464271834907,1.7449156068260643,-3.5305563078691824,0.04227363406628667,-0.18082007018926136,-0.2195968088826329,-0.40035691927531136,-0.08430582492223279,0.32875106411307026,1.4143590269943231,-0.9443781937983624,-0.8959155814876649
0.9940000000000008,1.0088980069576015,1.9677474361555873,-4.154576182761051,0.09098608564829234,-0.1771867910730419,-0.23811130685921703,-0.40037032242256576,-0.08428436552464784,0.3286048022533545,1.4143147689618165,-0.9443993324295614,-0.8960092517143482
0.9960000000000008,0.9170242050998172,1.1995617959515013,-4.7724368087794895,0.13556427176535762,-0.22462458011847733,-0.2501386521338861,-0.4003699473177474,-0.08428710322148902,0.32845898969982834,1.4143267274342555,-0.9443876329962044,-0.8960122804811095
0.9980000000000008,0.7973572398800595,0.5857887514195939,-5.167134910671743,0.14646855023751268,-0.26719678262407365,-0.2231945029769919,-0.40037937521296507,-0.08428660094140156,0.32829015623196994,1.4143438700071005,-0.9443893933758283,-0.8959627243245287
1.0000000000000007,1.2607670631107233,0.09572237818858859,-5.6868620057307515,0.1097945293400876,-0.2654788766021707,-0.18615308862057486,-0.40037836239534064,-0.08427174330054743,0.3281280110540658,1.4143607503124527,-0.9444661745047548,-0.8960043001326347
1.0020000000000007,1.8572934188979129,0.09068762249970452,-4.579236005803487,0.07238160446898345,-0.22883714049960643,-0.16745568978367809,-0.4003858976451716,-0.08428691257607457,0.3280170869074313,1.414245885396801,-0.9443445972285677,-0.896001466894466
1.0040000000000007,2.4086266944542123,0.14510053447529625,-3.5957654732990214,0.05910146611998626,-0.16961924542854237,-0.17961600906245898,-0.4003867961021176,-0.0842626403080863,0.3278624924115344,1.41419687544706,-0.9444063126148621,-0.8960740358465907
1.0060000000000007,2.549734498091415,0.8644869000519086,-2.8649734887119953,0.08134176845803319,-0.13548482475109833,-0.18899469812318428,-0.4003796701687597,-0.0842659426676611,0.327696537306664,1.4142561062358388,-0.9443668257507288,-0.8960269272968178
1.0080000000000007,2.4506141141592184,0.45740960335287795,-3.595373245512568,0.09230922337907309,-0.1577963549149117,-0.18947279563723468,-0.4004055699418661,-0.08427705342390576,0.3274093834641447,1.4142604437072737,-0.9443289965820745,-0.8960564786466816
1.0100000000000007,2.4506141141592184,0.45740960335287795,-3.595373245512568,0.09230922337907309,-0.1577963549149117,-0.18947279563723468,-0.4004055699418661,-0.08427705342390576,0.3274093834641447,1.4142604437072737,-0.9443289965820745,-0.8960564786466816
1.0120000000000007,2.0373956383463763,0.9778043128961444,-3.572423420982519,0.04533161389755346,-0.18028038465709237,-0.17971337789100977,-0.40041577647785526,-0.08425912411734243,0.32706473946657005,1.414398813689804,-0.9445092381492057,-0.8960819911530247
1.0140000000000007,1.9229179867174153,1.406120799000559,-3.4511907385947964,0.05009165497057926,-0.1661031207916638,-0.2141755315564429,-0.4004309691787472,-0.08425571480138114,0.32689980588351253,1.4144503111829707,-0.9445335806195755,-0.8960795958746126
1.0160000000000007,1.2156731235827833,1.8687110429217828,-4.210822063142098,0.08595146090156551,-0.16926393866994022,-0.24199677823489177,-0.40045453391215,-0.08427158276241187,0.3267406940618107,1.4145118667904588,-0.9446364754660481,-0.8960566815435422
1.0180000000000007,0.4745748755104677,1.4400582002117148,-5.683784787264894,0.1354512036704918,-0.22874111285953513,-0.25007166688243676,-0.40044882147098193,-0.08426719166634501,0.32658824152548244,1.414567935683412,-0.9446170637874822,-0.896052154192081
1.0200000000000007,0.06273102761045682,0.31996703978212493,-6.863316821192533,0.15946536083827545,-0.30386415531176725,-0.23581160395343162,-0.4004619314431915,-0.08425356217282248,0.32643713371082417,1.4145432898333314,-0.9446539769998199,-0.8960646788789387
1.0220000000000007,1.394206378784659,-0.15522854313035273,-5.9867376576145555,0.12095593483249176,-0.2371517723241197,-0.1818050207597703,-0.4004730944137276,-0.08422859765890595,0.32595294065761876,1.4146897487173231,-0.9447291053144085,-0.896139538319685
1.0240000000000007,1.7435322057756464,0.01473325617325727,-5.098473568147638,0.14791194318233375,-0.20279041352570965,-0.17635940516933774,-0.4004892742713181,-0.08426571321273871,0.32580235081471753,1.414698837996958,-0.9446643003771182,-0.8960422262807223
1.0260000000000007,1.6602385833911146,0.014547627211697445,-4.912459574616976,0.16236283808730756,-0.20289880152161296,-0.17614193503617714,-0.40048548647563736,-0.08425236930399826,0.32563559628403255,1.414751103482142,-0.9447499031523562,-0.8960900293125537
1.0280000000000007,1.128103275509569,-0.6264008485426333,-6.87277466993966,0.1373537422546539,-0.27263150760061056,-0.1604056461369739,-0.4004803958197992,-0.08424117319992713,0.3253327152271918,1.4147257028535707,-0.9447466503084793,-0.8960671837776258
1.0300000000000007,1.409328517419764,-0.501088580614342,-6.224072118392434,0.11836153503640451,-0.27560846743609474,-0.16501949020064482,-0.4004807028314561,-0.08423094634784337,0.32518338531784985,1.4148138862128652,-0.9447436678864566,-0.8960937040930191
1.0320000000000007,1.2980267524490334,0.527991228334865,-5.637570786764667,0.10295688147772537,-0.24534178275118423,-0.18466467080118185,-0.4004986842462089,-0.0842360169579735,0.3250245593491651,1.4147985802233456,-0.9448078867952381,-0.89609468222301
1.0340000000000007,1.242680871417122,0.6620599335978976,-5.195480815513341,0.12113180544976414,-0.21103739381584286,-0.2391512211999573,-0.40048774390608055,-0.08420741752308387,0.32487373055199986,1.4147609398988186,-0.9448358832877303,-0.8961141061656563
1.0360000000000007,1.0937664334215582,0.8331238638281162,-5.680824276281497,0.1441778299416509,-0.21511143580614323,-0.23671682323143398,-0.4004948641229575,-0.08421885529889789,0.324714472565756,1.4148241687315841,-0.9448078723560847,-0.8961137432483709
1.0380000000000007,0.8271097383710608,0.33600902340077193,-6.72531227618302,0.16126729880637003,-0.2721750005240697,-0.24459604889252046,-0.4004861496177596,-0.08420225356790476,0.32458067134331875,1.4147742892076833,-0.9448558205524515,-0.8961738275108505
1.0400000000000007,0.3177188146406788,0.27988786303666274,-7.783497572985058,0.14276408991712028,-0.31268032480247443,-0.21147794673756598,-0.4004822751127919,-0.08421728208581414,0.32442682711824583,1.4147514849118272,-0.9448215806264224,-0.896084261603971
1.0420000000000007,0.7830304071470028,-0.2735892663441289,-6.817316097419969,0.12176505000719877,-0.3283084816976499,-0.18332866544235288,-0.40049856585029536,-0.08418354187927121,0.32429633004937986,1.4146746034028594,-0.9448858593451833,-0.8962107948802585
1.0440000000000007,1.4046822144920017,-0.18306888711676894,-5.768229257534195,0.11423194731514644,-0.2601517220246702,-0.18067943739320608,-0.40048135365480897,-0.08419615118206303,0.3241450718268087,1.414754797486527,-0.9448100173832847,-0.8961720350178756
1.0460000000000007,1.865028178648936,0.14562651677721172,-5.141086079130939,0.13296176917972627,-0.20487607068390154,-0.20312887194696116,-0.4004769305560759,-0.08417348853080567,0.3239926710410528,1.4146992358073505,-0.9448575551801338,-0.8961867298055933
1.0480000000000007,1.9012350776514917,-0.30499746230422653,-5.1516712853658,0.1563411652805854,-0.2004578321155002,-0.21186344933651402,-0.4004861072224951,-0.0841597240866366,0.3238411998743078,1.4146972968336702,-0.9448982549466218,-0.8962018530447601
1.0500000000000007,1.7195964111288213,-0.3003576781653143,-5.394424925135032,0.1709322244421967,-0.24205996305357888,-0.18121614058472227,-0.40048373107018964,-0.08415197556834475,0.3236965055999732,1.4146771740399267,-0.9448514178960814,-0.896244755871931
1.0520000000000007,1.9470593877539455,-0.626234323221126,-5.111108037583154,0.11286771203995381,-0.2548383529712804,-0.16719181983920656,-0.4004719952772464,-0.08415981496141281,0.3235690691359215,1.4146301956289973,-0.9447750101978335,-0.8962531547155942
1.0540000000000007,2.010496777034129,-0.38511262385440215,-3.874978743488059,0.05504753622123259,-0.21212082046906722,-0.1658335419552428,-0.40047733635460725,-0.08415171683739855,0.3234373189657116,1.4145668672007456,-0.9447882465849402,-0.8962276491930895
1.0560000000000007,0.9427284978246867,1.4104673750870125,-3.788509138959924,0.12414264346340032,-0.18130151709414344,-0.2481488803853431,-0.40047823946113736,-0.08411057179294118,0.32299805510929036,1.4144832599448693,-0.9448473076694429,-0.896372171860871
1.0580000000000007,0.29452984449337016,1.462291881307902,-4.833788543583763,0.1250002230129463,-0.25488620795892625,-0.2398323488740125,-0.4004678207341975,-0.08412811933926151,0.32284186835966144,1.4145377521790075,-0.944759057059484,-0.8963183413939378
1.0600000000000007,0.3635110962913673,0.9734653301057048,-5.339881462273305,0.10424534514493447,-0.2851900532854673,-0.217197668140691,-0.40047530920516766,-0.08409998463298554,0.32269042601732756,1.4144797168489571,-0.9448795152940074,-0.8963331065664641
1.0620000000000007,0.9824693071338599,0.5640057402681177,-4.681891136069756,0.08099830488683424,-0.2615236178249506,-0.2148389558749368,-0.4004602760067164,-0.08410659505747206,0.32256520652671544,1.4144086613390345,-0.9447742506754307,-0.8963122726721916
1.0640000000000007,1.629729834543698,0.6262716556361189,-3.8552427914224894,0.06825403893003723,-0.19387389042403746,-0.20835354262383574,-0.4004639474880781,-0.08407312456777617,0.3223936830537863,1.4144468883967103,-0.9448814854634401,-0.8963999942382431
1.0660000000000007,2.0046927848102207,0.6682297489728086,-3.4028870972778984,0.0907538523530152,-0.15535937124602162,-0.2067406739438827,-0.40044591907253396,-0.08409306108375025,0.3222220959115912,1.4145346401208494,-0.9448195939286207,-0.8963363625607541
1.0680000000000007,1.9672758315694654,0.3268621690373058,-3.5914993869065293,0.1378356371021986,-0.17062324054411235,-0.2152338007567803,-0.4004511549105348,-0.08406147952427741,0.322114745367564,1.414382743910296,-0.944798468406179,-0.8964332148698136
1.0700000000000007,1.8629120469923495,-0.0895481006332095,-4.372486348711606,0.15049504383656978,-0.19710876211826173,-0.20369054664415986,-0.4004403416760365,-0.08407797053089716,0.3219536515223934,1.4144209209989103,-0.9447660940307077,-0.8963491318505762
1.0720000000000007,2.121462980332227,-0.32854242507874876,-4.840692421631536,0.10961152833925535,-0.22974656423727383,-0.17267668327248398,-0.40044193210063583,-0.08406867186288308,0.3218063490960895,1.4143827295464433,-0.94476930897134,-0.896359230041925
1.0740000000000007,2.3480015860280092,-0.08554144813372677,-4.615746310276626,0.07125837433875629,-0.20856192733985193,-0.1627200287391114,-0.40044035695357394,-0.08406247258829327,0.32163866533010743,1.41445617476298,-0.9448211111620901,-0.8963496092683318
1.0760000000000007,2.4113687668748165,0.6157688208680292,-3.78072318070909,0.05105128833329177,-0.17183416504141996,-0.16682663686645813,-0.4004350183513964,-0.08401972857374357,0.32150972700774,1.4143232108476682,-0.9448592609160541,-0.8964694116491894
1.0780000000000007,2.377684389973676,0.707449267998842,-4.3889368547523215,0.09489319247203679,-0.15326538755624475,-0.21199096249133575,-0.40044792038611465,-0.08404895286995401,0.32133944785798274,1.4144239365714166,-0.944866201797723,-0.8964197858328001
1.0800000000000007,1.7119300132339108,1.0212491834814155,-5.395810950044423,0.13657000282483406,-0.1847222046025126,-0.2294960758275308,-0.40043164167578166,-0.08404472699387766,0.32120512000116147,1.4144223629390633,-0.9448122737871719,-0.8964299393654853
1.0820000000000007,1.218865535016912,0.8287481465226558,-6.4607826042986645,0.1631482560261224,-0.2587292824771935,-0.23404807558836155,-0.40044510971616765,-0.08403202823250205,0.32104705438399417,1.414396786362218,-0.9448412079920191,-0.896475891574994
1.0840000000000007,1.110368055402962,0.1477843669241883,-7.454661491035831,0.13539162486870704,-0.31827379585266247,-0.23262632654300885,-0.4004381088987557,-0.08402395803503845,0.3208883150055579,1.4144409899134904,-0.9449188505779773,-0.8964143269963823
1.0860000000000007,1.0610974484740796,0.3880933861910484,-7.465580093405713,0.10881332486008732,-0.311438918289525,-0.20256360173873558,-0.4004394519894212,-0.08401394545768362,0.32075729136629644,1.4144060501838112,-0.9448330984964604,-0.896498224540396
1.0880000000000007,1.4831066508886217,0.2983659155719295,-6.231963558747075,0.1041271484903793,-0.28696228418882425,-0.20955127917036656,-0.40044228093630074,-0.08398567117437641,0.3205983974643494,1.414409119535028,-0.9449990047554054,-0.89651478412307
1.0900000000000007,1.844664765767726,0.03191325380472437,-6.758080512048549,0.17599939844549836,-0.2533060315016805,-0.19344755988808712,-0.40043811859701617,-0.08398547722112404,0.32019635671287405,1.4142326101771425,-0.9448793476073518,-0.8965471301071776
1.0920000000000007,2.2539548626348935,-0.18503176223069784,-6.412802787071895,0.12654535168626957,-0.2612700342243183,-0.17655767954477178,-0.40043894925029133,-0.08398945990050828,0.32004553636023747,1.4142809579424502,-0.9448596868517904,-0.8965420267933341
1.0940000000000007,3.0540126681107513,-0.29200771032811834,-5.334470309974368,0.07434976575604763,-0.22479304849600346,-0.1679652971052915,-0.4004250559673226,-0.08399676532563402,0.3199087760645253,1.4142821004964488,-0.9447776955710557,-0.8965172170721639
1.0960000000000008,3.1938463166626594,0.22200097863367696,-4.612124457939693,0.04511257544432229,-0.16835899981075605,-0.18312206791989996,-0.4004438143532616,-0.08398668705007314,0.31976639530072754,1.4142804858487967,-0.9448677884863368,-0.8965413198545701
1.0980000000000008,2.645056302415196,1.3059121967968226,-4.354053660688131,0.0764250060308766,-0.1486084206751977,-0.20790120823606525,-0.400441251286017,-0.08395292314534818,0.3196373753536217,1.41422209237319,-0.9449463319156665,-0.8966204105666346
1.1000000000000008,2.1743900369663174,1.3547755329468658,-5.06955209376777,0.1267439887880289,-0.17531344331505305,-0.24077053711316437,-0.4004462148977861,-0.08396558475393595,0.31951276924738836,1.4142269625577777,-0.9448982913800098,-0.8966257021659576
1.1020000000000008,0.9556208365054554,1.4728134152333259,-6.290803977181367,0.151075593686805,-0.24671637511447084,-0.24639364605362923,-0.40044643763092946,-0.08395996221874802,0.31936685011681076,1.4142373098568466,-0.9449564437350126,-0.896587696380382
1.1040000000000008,0.6352333243822522,1.1633875252961157,-7.62988744919944,0.13799823257901445,-0.31658725736185367,-0.22781773691498566,-0.40046366018651264,-0.08395087949366029,0.3192404823332615,1.4142571220228919,-0.9449257728258292,-0.8966315970093837
1.1060000000000008,0.6103011857312897,0.8020233091676403,-7.568106342912338,0.10592283896782398,-0.3356046822484078,-0.22520077572140237,-0.40045201558170346,-0.08395388312849536,0.3191212685232035,1.414185329217877,-0.9449033510481514,-0.8966327582727569
1.1080000000000008,0.9868101085456538,0.6091921325233005,-7.1568145930445946,0.09027851749414521,-0.3012850695785508,-0.2240363206446741,-0.4004559029852634,-0.08394097581626694,0.3189888466059961,1.414178770616165,-0.94494334077783,-0.8966466486293064
1.1100000000000008,1.8658587116189524,1.120777353779177,-4.8043039636719005,0.13044147107413737,-0.18885733953878103,-0.22764774458562445,-0.4004536498064406,-0.08393769578566601,0.3187385183384794,1.414191190275354,-0.9449338273486465,-0.8966318867866028
1.1120000000000008,2.271618670781933,0.21925770706485692,-5.717363805511308,0.13422288004312613,-0.18581204239204424,-0.23350150746569065,-0.40046794210337344,-0.08393808605411218,0.3186112629593154,1.4142024329662188,-0.9449050794570959,-0.8966845220773101
1.1140000000000008,2.253365377542782,-0.16527529213241055,-6.393603176708685,0.14270021274302874,-0.22754086665522066,-0.20281024486362118,-0.40048130227685613,-0.08391511770318189,0.31847253160496314,1.4142199636058068,-0.9450379750930226,-0.8967050415266141
1.1160000000000008,1.9782518831695417,-0.5341530771380159,-6.006557595449231,0.12353622796927363,-0.2772584218534504,-0.1763677332246799,-0.4004799656836563,-0.08393431786939605,0.31838388985939164,1.414109406898577,-0.9449196966037768,-0.8966804019052027
1.1180000000000008,1.969869420980206,-0.059407696368955376,-5.642656715909127,0.08920089369892553,-0.2666874632169243,-0.16878994839895445,-0.40046653987095054,-0.08389841371945503,0.31824936663259773,1.4140802010215754,-0.9449975644568906,-0.8967353419709724
1.1200000000000008,2.0616855792156663,0.35769866124880517,-4.283781416671072,0.07602853813458346,-0.19684826667811045,-0.18838998376549018,-0.4004782708116998,-0.08391373550425345,0.3181250552856625,1.4141597404076756,-0.9449761068548119,-0.8967387980495258
1.1220000000000008,1.9198667147402615,1.5298851692054887,-3.524384330247819,0.08716000767623616,-0.14854137321209065,-0.23527510578158983,-0.4004928114354993,-0.08392128722820738,0.3177739911497594,1.4141799450854882,-0.9450463149066073,-0.8967216373192443
1.1240000000000008,1.3629575319226783,1.277600030206236,-4.68538478104494,0.08658514720911237,-0.21324334866872074,-0.22400228382854462,-0.400500544421282,-0.08393542747913954,0.3176478505998276,1.4142024017422299,-0.9450025485567158,-0.8966765911786283
1.1260000000000008,0.6744230219944662,0.819900712315522,-6.228669087213905,0.10103437870048146,-0.25738829624459986,-0.21911521558619954,-0.40051674778157126,-0.08393846014287853,0.31752211200921693,1.414301750573816,-0.9450174174149686,-0.8966740623708257
1.1280000000000008,0.4944894776859814,0.14119916384261538,-7.67966376096957,0.1616474835579423,-0.3091173081610736,-0.23067511740935626,-0.40052860378119326,-0.0839397946010526,0.3173025557920674,1.4143242492684118,-0.9450622059471229,-0.8966927400181038
1.1300000000000008,0.8711644000864329,-0.21732947756809706,-6.806706394960509,0.1668378530112052,-0.30218605511450974,-0.22330634865190563,-0.4005125430596952,-0.08392552787815113,0.317189437981529,1.414314009379801,-0.9450552970282556,-0.8967390757314766
1.1320000000000008,1.5994163399101942,-0.0844949882591558,-6.522619951264552,0.13082854568688576,-0.25135371633011844,-0.1976921581032706,-0.400519655277669,-0.08394795076717927,0.3170645049152415,1.4144126322032347,-0.9450485530852838,-0.8966545776622891
1.1340000000000008,1.9379845698546814,-0.059702470750462755,-6.289202655345341,0.11402958651070944,-0.21357307745439513,-0.1896922563243251,-0.400517495537798,-0.08393300186967605,0.3169535358665347,1.414402393734444,-0.9450640965746698,-0.896703715463045
1.1360000000000008,2.2281099788262386,-0.6065401074002181,-7.02203140596248,0.12734099424807235,-0.2246529867912026,-0.1900150209378751,-0.4005288872571289,-0.08392153991098916,0.31685575438875546,1.4143594027838717,-0.9450488713286623,-0.896693957136203
1.1380000000000008,1.8628610534175454,-0.7825832318092235,-7.810171082535453,0.15579945294302538,-0.27529830892224955,-0.18584114167908672,-0.40052151990624424,-0.08393382207263703,0.31674551366844633,1.4144273175887347,-0.9450422080245555,-0.8966668214275351
1.1400000000000008,1.4608244745862908,-0.9907187387042808,-8.401781196684912,0.17603306112306802,-0.3159128310913218,-0.19033589245427535,-0.40053005799902786,-0.08391635284637272,0.3166504837286961,1.4143376723291599,-0.9451151184636247,-0.8967314618162717
1.1420000000000008,1.5019763715174415,-1.013562093039905,-8.479216300832086,0.1834391575714322,-0.3318594780635686,-0.2077809259746344,-0.4005211704145285,-0.08392264925577517,0.3165586124177317,1.4143333310754584,-0.9450536576664302,-0.8967140405977679
1.1440000000000008,1.307634995803252,-0.3992747665798329,-7.93687678088819,0.16281080439955536,-0.2983240756755597,-0.18877909129040635,-0.4005332208699123,-0.08392097299792692,0.31644855615805745,1.414348300391168,-0.9451198637791374,-0.8967398213493601
1.1460000000000008,1.4675704036791966,0.45959216867522523,-7.0634982681285345,0.13138004329728847,-0.2597746846417292,-0.2049789034545269,-0.4005333423579148,-0.08391064297612294,0.3163495036459739,1.4143681919729687,-0.945109260498531,-0.8967248348850592
1.1480000000000008,1.8399516114235088,1.0413687044493032,-5.512570378854126,0.103280476892296,-0.2243307089127142,-0.21973962563404928,-0.40053931947556803,-0.0839037809017032,0.3162399132795117,1.4144303397632714,-0.9451427442544648,-0.8967733049977182
1.1500000000000008,2.227802782831694,1.1510897828542517,-4.135522835837228,0.10495023601824055,-0.17932229761058727,-0.2286396208430086,-0.40054036579245,-0.0839071914639202,0.3161780617987816,1.4142727859258022,-0.9451087035890537,-0.8967641115128405
1.1520000000000008,2.1805100666054296,1.3321026180914828,-4.196715036559216,0.10207891332561621,-0.15711465551313458,-0.23831932646879175,-0.40055570352014863,-0.08390444169222958,0.31606742830077095,1.414351450648083,-0.9451749419158543,-0.8967971163087032
1.1540000000000008,1.6895523334548357,0.9585537174615283,-5.2494964202605106,0.11562328919435524,-0.1714212988190746,-0.2400108212500207,-0.40054428859316193,-0.0839120221505244,0.31599444379739,1.4142843384775472,-0.9450596968396354,-0.8967548319281403
1.1560000000000008,0.38304332748118725,-0.5486813172657931,-7.52220935922973,0.16796159640848765,-0.34415105581424554,-0.21392066285110142,-0.4005538055358313,-0.08388065636821017,0.31571169527669274,1.4143666805431154,-0.9451949135637716,-0.8968602556160821
1.1580000000000008,0.7285889341839356,-0.8888982416544376,-7.643597311759865,0.16488259401013766,-0.31506619081582227,-0.20540116743807849,-0.4005441700135932,-0.08390696184375906,0.3156570906731402,1.4142474390841118,-0.9450387969402902,-0.8967751208333578
1.1600000000000008,1.4009317858774706,-0.6631980363740575,-6.738877767485738,0.15973586583992014,-0.2702049052397655,-0.2070459644572877,-0.4005460864842336,-0.08389685603303079,0.31555250566420234,1.4142905738016545,-0.9451103119885221,-0.8967560980892854
1.1620000000000008,2.0772521147866785,-0.2201626940596113,-5.6156482331222,0.12487485413554249,-0.22745733735073048,-0.19935857556460254,-0.4005349846242147,-0.08389298484652265,0.31545486183190147,1.4142990049531938,-0.94512504444449,-0.896746196455493
1.1640000000000008,2.2105188331040435,-0.007704969206634216,-4.808692458122139,0.10338977821967012,-0.19990968096754838,-0.18843718676203425,-0.40053367301577253,-0.08389591299513519,0.3153963434280801,1.4143065396259995,-0.9450691266303484,-0.8967649307017022
1.1660000000000008,2.2933972661814526,0.559133899185811,-5.188307168023333,0.09256919675303232,-0.17641942623387924,-0.1862368480670592,-0.4005330018981024,-0.08389449910517585,0.31531347170416085,1.4143342677786064,-0.9450704272784677,-0.8967786200131305
1.1680000000000008,1.9816679194748184,0.8732088116322678,-5.6300109629981065,0.10282208606814659,-0.19823677923569263,-0.1975574431617087,-0.40052835777010726,-0.08387252899319869,0.3152549780703001,1.4142426594011555,-0.9450794942195776,-0.8968327436703101
1.1700000000000008,1.3015987382211698,0.9994767371656719,-6.6043666544576265,0.12737764913965197,-0.24291322711975552,-0.21482546768988706,-0.40053067660031144,-0.08386626068008139,0.3151504460915414,1.414322267424633,-0.9451427095203919,-0.8968368916601385
1.1720000000000008,0.7941901547516379,0.39857298957652043,-7.784518943272456,0.15277690903810345,-0.3088793827171989,-0.23319185204477907,-0.4005356362130381,-0.08385865144949622,0.31509280646094434,1.414265550332421,-0.9451556437677968,-0.896895716924101
1.1740000000000008,0.24825748697185673,0.494813857747844,-8.628455792668785,0.1780152744124262,-0.3528581253501209,-0.22976887318133019,-0.40052956469236267,-0.08387196413693623,0.3150315000028272,1.414247271913712,-0.945082888808615,-0.896873434089161
1.1760000000000008,0.30463660496477113,-0.23823489015803034,-8.625094327781014,0.18242396084237106,-0.3542543831560931,-0.2355036963711748,-0.40054016204330917,-0.08387158439556094,0.3149552205925869,1.4142216459296613,-0.9451076846971119,-0.8968458640847344
1.1780000000000008,0.9907599116820265,-0.4090062191114507,-7.574074814337964,0.17710872026370447,-0.32903297167870427,-0.22048832587750009,-0.4005271502345167,-0.083858275899272,0.3148856121606954,1.4141719772038948,-0.945102525292139,-0.8968791612635554
1.1800000000000008,1.7045382699530538,0.02624166705448594,-6.013411400044643,0.13698934122811612,-0.26399971478836814,-0.19605165102418412,-0.40052504001776906,-0.08386333855148256,0.31481927628371253,1.4141631446694283,-0.9450247349328161,-0.8968967612946178
1.1820000000000008,2.3896078806364307,0.42164549509331506,-4.418279380769196,0.10719988567586332,-0.1870000972490543,-0.190358757577742,-0.4005063956244608,-0.08384231526032154,0.31475209691837097,1.4141184531029078,-0.945033560322126,-0.8968797403236456
1.1840000000000008,3.0152784557666332,0.2751453200224503,-3.2115710248762053,0.08857978614339246,-0.13007196032121068,-0.19584462780006728,-0.40050681678397926,-0.08384957495464182,0.31470317758382804,1.4139985755315738,-0.944979542508564,-0.8968987201181886
1.1860000000000008,3.0298012630892557,0.7659910670466589,-2.5873173983541853,0.06082285801035453,-0.09674825460263835,-0.18819375116508008,-0.40051526590871234,-0.08383823505584402,0.31462964013445455,1.4140385203493333,-0.9450252622103418,-0.8968853231350531
1.1880000000000008,2.868647387612103,1.0840608380320504,-2.430560099526987,0.04847866015184003,-0.10216327803215508,-0.1945944475607736,-0.40051804289065185,-0.08382991774242743,0.3145605536473644,1.4140520518444888,-0.9450666454940391,-0.8968743113480838
1.1900000000000008,1.0721189231541708,0.9961052587383892,-5.481965825741122,0.111996332065272,-0.22059419401639396,-0.21071000131430778,-0.40050660593986515,-0.08381957801423427,0.3143553194735526,1.4141747885242542,-0.9451279055101173,-0.8969066585461214
1.1920000000000008,0.319348245105816,1.2458412562162549,-6.417002209306859,0.1525836012626384,-0.2856348583921941,-0.22816630122223272,-0.400510935645263,-0.08382830524395499,0.3142896965795181,1.4142293363539034,-0.9451396726877164,-0.8968826954682776
1.1940000000000008,-0.11461184500830485,0.8929778378915916,-7.547301015997452,0.16548251282307186,-0.32238964192477915,-0.22845714372937648,-0.40052794295467925,-0.08382680967000083,0.31423148594469147,1.4141774910191716,-0.9451521801733117,-0.8968983916712485
1.1960000000000008,-0.2627157162329641,0.6748103555353904,-8.284895900429156,0.16874891450193638,-0.3381381708897936,-0.22437215010547637,-0.40052425379147405,-0.08381694683850638,0.31420197893563223,1.4140964829129985,-0.9451237970913006,-0.8969130955350337
1.1980000000000008,0.15268416618308495,0.4215187764348475,-7.833980204788941,0.1634945801084986,-0.340906945779079,-0.21604016534831103,-0.4005174837444627,-0.08382338900741096,0.31410717946176236,1.4142293220178552,-0.9451261052747236,-0.8969001412590825
1.2000000000000008,0.769115418904161,-0.016273373360485982,-7.394432428164725,0.14167204126609045,-0.31017485979365955,-0.20521365397769284,-0.400513330340337,-0.08382144456139236,0.3140415122006178,1.414230188527355,-0.9451541235010994,-0.8969134151106577
1.2020000000000008,1.586402838813188,0.06375230713077673,-6.836278860069343,0.12167158150078312,-0.2552758222030406,-0.18713991687071907,-0.40051319859740175,-0.0838320867124708,0.31401000734358375,1.4141451681547044,-0.9450619606127233,-0.8968498472650699
1.2040000000000008,2.261622937571724,0.3338658706505666,-5.422755756742149,0.11763024764167618,-0.2046331159494206,-0.18147232458323684,-0.40050301351556494,-0.08383655199065526,0.3139660731992882,1.4141243458571973,-0.9450635370514002,-0.8968573173349593
1.2060000000000008,2.662828997583459,0.2795830311965005,-5.375231839266683,0.09756747629909782,-0.1662583534176358,-0.19238439756503595,-0.40049175630654077,-0.08381690363516302,0.3139169124333233,1.414051006377308,-0.9450698195965593,-0.8968674135116436
1.2080000000000009,2.416145674965754,0.47938727036226136,-5.832359719613137,0.09147511043521708,-0.1926147660619045,-0.2071984767352675,-0.40049862892247806,-0.08380744878822691,0.3138317879299229,1.4140469433624037,-0.9450756974950788,-0.8969329541942359
1.2100000000000009,2.0135793949305043,1.0286229486225882,-6.264613905948457,0.0940347580860988,-0.2313612936669449,-0.2078201827002042,-0.40049501317916847,-0.08380633466520612,0.3137701951471246,1.4141576699251908,-0.945150130820534,-0.8969071985852572
1.2120000000000009,1.515383385432541,1.2680181462282625,-7.479988304879445,0.12453688588945036,-0.2454863495596433,-0.21687744498383882,-0.4004889938950214,-0.0837827738313319,0.313721562723838,1.4142167716061063,-0.9451701918086074,-0.8969786459906857
1.2140000000000009,1.435072331174636,0.7250821738743314,-7.8050759913429255,0.14709679416629318,-0.27566261080182625,-0.2348631542741872,-0.4005025510941448,-0.08380351249749309,0.31368236287228907,1.4141950277036075,-0.9451748152181321,-0.8969187886823904
1.2160000000000009,0.9800196007031697,0.7688346376354268,-7.881330455367779,0.1697476739878884,-0.29761913566073767,-0.2340751623698346,-0.4005005037532894,-0.08377538263434678,0.31362385664632725,1.414258036273379,-0.9452850403537675,-0.8969303226985885
1.2180000000000009,1.01695679873615,0.2299874162425046,-8.147615949856217,0.16369477389748455,-0.30673149890551016,-0.23047379672342666,-0.40050249141213523,-0.0837894352346563,0.31360105767549984,1.4142736557533202,-0.9452092439335308,-0.8969061078754551
1.2200000000000009,1.2045697408030076,-0.06223358471836704,-7.676428653682998,0.1593953304592709,-0.3073012960249421,-0.215893849780489,-0.4005020044216747,-0.08381733271588265,0.31359021822118566,1.4142136302897026,-0.9451214396128879,-0.8968885632345422
1.2220000000000009,1.39374695705743,-0.41844438840332965,-7.360611758413418,0.1439459357816333,-0.28158782664834003,-0.2062464831103107,-0.40050079096006286,-0.08380489184975914,0.3135301810693801,1.4143019877102216,-0.945187056006663,-0.8968720808839137
1.2240000000000009,1.7200063688932905,-0.8357190723852272,-5.914517571295787,0.1543607952914823,-0.24576435548024383,-0.190205841083432,-0.4004970844362082,-0.08379155204399888,0.31345704108800576,1.4141712136726934,-0.9451131022064398,-0.8968888357546987
1.2260000000000009,1.6740190254302032,-0.36675074944544533,-5.792381981241687,0.13998145434402526,-0.2422129719375932,-0.1852886229970538,-0.40049132124607784,-0.08378720238442461,0.31341405486602375,1.4142067805301655,-0.9451308644511338,-0.8969582255755103
1.2280000000000009,1.5424704188843172,-0.19857071481662203,-5.740498395819191,0.13162573595421695,-0.23519930090786045,-0.19052740987714564,-0.4005067914917364,-0.08378519968448198,0.3134084234076766,1.4140570994731356,-0.9451503590999819,-0.8969751633277743
1.2300000000000009,1.6138349899051327,0.4206305333523894,-5.580139504034919,0.11650223116961743,-0.24307944328141715,-0.20341469301867104,-0.40050612052384094,-0.08379243124436499,0.31335082559162886,1.4141586806359294,-0.9451945070229784,-0.8969247701682853
1.2320000000000009,1.3947996377088674,1.203379985296522,-5.558470738787598,0.1083616890951341,-0.2348950282301583,-0.20591658828092213,-0.40049126752224146,-0.08377971869475526,0.31332843571323754,1.4140940220270255,-0.945155631946893,-0.8969290433259492
1.2340000000000009,1.5242173988542376,1.0821304916713044,-5.418820561115538,0.11337662074726569,-0.22737750480824417,-0.23774573200786797,-0.4004964508146579,-0.08375792546148524,0.3133482401173759,1.4139413308465496,-0.9451201464227592,-0.897023727641998
1.2360000000000009,1.4018383188993633,1.529453302832433,-4.983011804722924,0.1136070197837009,-0.21738095289286544,-0.2337474233614232,-0.4004899570573686,-0.08375759257495334,0.3133125993810848,1.4139395251715663,-0.9451166447801302,-0.8970277654620316
1.2380000000000009,1.6253908719521122,1.6720659035417211,-4.949196163279503,0.10097390811892756,-0.1931934035168964,-0.2266434945995303,-0.40047968376414106,-0.08376424888817718,0.3132757182868093,1.4139785423096185,-0.9451333527263348,-0.8970070791650212
1.2400000000000009,2.289744904026736,1.1865498677464412,-4.572422304104095,0.0958815586435828,-0.1867894910869309,-0.22566416680058707,-0.40048845251910403,-0.08376551587065334,0.31327219649599936,1.4139146473583206,-0.9450865557179651,-0.8970764167506489
1.2420000000000009,2.2332369674560586,1.2254277435102814,-4.467228563455774,0.08470905806150461,-0.18444413548756014,-0.21097953329417934,-0.4004969511537122,-0.08377307487986344,0.3132606420241607,1.4139237263064508,-0.9450619715387474,-0.8970381885190745
1.2440000000000009,2.369604012545316,0.9564485059645551,-4.585946475228217,0.09456032514378129,-0.18625036171279563,-0.20993817689996375,-0.40049687355640323,-0.08376209421119588,0.31324904879557885,1.4138690230690243,-0.9450649032789514,-0.8970562150769527
1.2460000000000009,2.4646938959607305,0.957391176370281,-5.155880271853333,0.09087773274489121,-0.18429100155014805,-0.20346838494368125,-0.4005045006169802,-0.08376413534870952,0.31323528038815523,1.4139182385354905,-0.9450706286177634,-0.896991792678515
1.2480000000000009,2.236841904434951,0.990616351463723,-5.335058844310177,0.10023519197564909,-0.20393768650961958,-0.2003382138137091,-0.4005060700030887,-0.08376554196734606,0.31321194244081674,1.4138966307532896,-0.945097126204539,-0.897012421150895
1.2500000000000009,2.315174635189977,0.14458921551038573,-5.801911282842983,0.10666135807703143,-0.21825751264164303,-0.20529019255570014,-0.4005002002462021,-0.08377325367484456,0.31318696980961735,1.4140046336047094,-0.9450630120769178,-0.8970066258948083
1.252000000000001,1.7402598500802473,0.43583280925367585,-6.197914045386135,0.11454142041146423,-0.23866565438047135,-0.19431677892743163,-0.40050220131743897,-0.08376359483473067,0.31315050058453103,1.414042262965548,-0.9451925188641606,-0.8969627913511117
1.254000000000001,1.4692686143126905,0.2259941087673083,-6.262142446373024,0.11824112747475139,-0.25839824610661244,-0.20020969070043107,-0.4005182806235956,-0.08377818768820208,0.31315526178045255,1.414021817426254,-0.9451308851768528,-0.8969649827953792
1.256000000000001,1.3216501332099835,0.2707231076080081,-6.304786456370569,0.12844143764389274,-0.26070223983637997,-0.21056537866729402,-0.40052438272360347,-0.08379330903603331,0.31314878250418854,1.4140492320037281,-0.9450730177274842,-0.8970072649601738
1.258000000000001,0.6498001358752913,1.0349863921828595,-6.195027771670213,0.11849323569371001,-0.25658622360854644,-0.2175579341845482,-0.40053946491397696,-0.08380839610674554,0.3130929061684904,1.4142241688172503,-0.9451666713117169,-0.8969082360981531
1.260000000000001,0.81432027452746,1.0377216388401882,-6.076400311321933,0.11682011543687944,-0.25502712230096636,-0.21216021185409956,-0.40052613587531555,-0.08376638968343117,0.31312029416054954,1.4140648067374013,-0.9451939102061152,-0.8970118044922057
1.262000000000001,1.152855138262865,0.6292326296918237,-5.90626571359088,0.12033185956071221,-0.24733557608338771,-0.2230944427239783,-0.40053457937498604,-0.08380199979092737,0.3130896686550402,1.4141474484759011,-0.9451960392198062,-0.8969580114226341
1.264000000000001,1.2524704188716163,0.6887333754749094,-6.592873194932796,0.12554040944303052,-0.23659978855255057,-0.20666195397422515,-0.4005395288886404,-0.08380262165050961,0.31308905219619276,1.4141676658406062,-0.9451594517460686,-0.8969409474888222
1.266000000000001,1.540099250150397,0.26006664927211337,-6.917589774913124,0.13545705309621703,-0.23640131969328623,-0.20472725603769393,-0.40052386921953353,-0.0838003696405725,0.31311962459515624,1.414109076167702,-0.9451483816834565,-0.8969570730165644
1.268000000000001,1.4704581197633622,0.06615163177371353,-7.1828985389856115,0.13760567280463196,-0.2630298204884389,-0.20067558427497112,-0.40052815965661537,-0.08379524540078019,0.3130987050881513,1.4142052404945866,-0.9451978762401975,-0.8969507648382122
1.270000000000001,1.137481530382531,-0.13811498247913045,-8.32257770272444,0.15542910367713295,-0.2983493167576578,-0.19372153731071381,-0.4005343040110209,-0.08378257564600981,0.3130928537075721,1.414207374997579,-0.9452263508715549,-0.8969815643510592
1.272000000000001,0.5937462297956609,-0.44257007367285195,-8.769148878920388,0.17083835318491478,-0.34276961257466476,-0.1986582459155077,-0.40054623269513767,-0.08379961302927769,0.3130995145097167,1.4141793447612652,-0.9452275061718949,-0.8969039884126678
1.274000000000001,0.36599297784715046,-0.5323024013482427,-8.223588588733492,0.18356268728062267,-0.3659615983583635,-0.18565972174875287,-0.40054141138959454,-0.08379243789935348,0.3131122413218689,1.414128942924463,-0.945203733856862,-0.8969336522023595
1.276000000000001,0.9892897649739414,-1.0020826801553129,-7.223590938492607,0.19265583837025074,-0.33796897159518846,-0.18780271559474881,-0.4005308593629394,-0.08377749096390907,0.31311165850717027,1.414167955724334,-0.9451855580655167,-0.8970492348902218
1.278000000000001,1.4231603545705755,-0.47421978516247737,-6.294748707166046,0.16219627748508966,-0.2591304644850334,-0.175480011099923,-0.4005275067952209,-0.08378864365542914,0.31311128562833473,1.4141586900294396,-0.9451947910076947,-0.8969877797879847
1.280000000000001,1.7618143946124503,-0.2643498206100877,-4.47676782486824,0.14368565925320478,-0.18838517030754454,-0.17660915886726514,-0.40053571205452043,-0.08378326255874605,0.3131031126563642,1.414202494505526,-0.9451593860165992,-0.8969749291926629
1.282000000000001,2.077250103589391,0.28025107549724615,-3.184417276326499,0.0933473574759681,-0.14569874802192584,-0.18796558870816207,-0.400525660978402,-0.0837940726580984,0.3131290118903052,1.4140461340509347,-0.9451519451666041,-0.8969696658347448
1.284000000000001,2.0287522993882905,1.0257547279875356,-2.321709042713214,0.06439703392208014,-0.13998587186532646,-0.20082086688452155,-0.40051564226653114,-0.08377291275816365,0.3131549750521208,1.4139098118874986,-0.9451159286269085,-0.8969987469935545
1.286000000000001,1.7850164050832402,1.4870965550227515,-1.702617135890466,0.059512678854267975,-0.14096191318303633,-0.2154761321148596,-0.40051994153646114,-0.08375229408349422,0.31314619956733153,1.4139726631781273,-0.9451287446119464,-0.8970629205356945
1.288000000000001,1.5638293178447407,1.0349358225833143,-2.7492124492063548,0.08499895269551141,-0.1508353604249713,-0.22158726253555733,-0.40051634559709637,-0.08376190924499971,0.313133676429151,1.4140275210392892,-0.9451855456765703,-0.8970605754278621
1.290000000000001,1.6169507647596397,0.39884495764797523,-3.3890583396564455,0.09921563076020494,-0.1757794486665217,-0.2219832233247457,-0.4005392792421508,-0.083782183680469,0.31312501750856564,1.4140673445194905,-0.9451792194932497,-0.8970068754904282
1.292000000000001,1.7050947063652135,0.40289446326906053,-3.916642687259686,0.10874371068885282,-0.20257070369663766,-0.19957663749634103,-0.40052183256440227,-0.08377218451584004,0.3131467262689743,1.4140263818688315,-0.9451809238670367,-0.8969945422330602
1.294000000000001,1.4253505797693975,0.6486746203185885,-4.238263338140244,0.11664501118002964,-0.21230046819327583,-0.19034230362122173,-0.40052387409249535,-0.0837763515588617,0.3131298582618226,1.4140643272521658,-0.9451661349207688,-0.8969790808130924
1.296000000000001,1.6382094434868069,0.5834427551998785,-4.626850559668144,0.10693158209823043,-0.2059317212823086,-0.20471100625091476,-0.40053239076774316,-0.08378106524890545,0.31315918213126714,1.4139730732174027,-0.9450799751181391,-0.8970149819328312
1.298000000000001,1.657637228573638,0.738879029848164,-4.488167555565674,0.09526856224593111,-0.20713042880883384,-0.19927319995959078,-0.40052622901336177,-0.08377920287362287,0.313137189843327,1.4140233168092202,-0.9451395326374347,-0.8969955107745096
1.300000000000001,1.9246045347288638,0.8279157406124729,-4.702386580218144,0.08609480996433755,-0.2017532852288869,-0.19895419936267217,-0.40052539488248295,-0.08378168482657128,0.3131399187736616,1.4139848918090945,-0.9451471342476303,-0.8970119491690202
1.302000000000001,1.7970435184576694,1.0954026136698651,-5.063307534838413,0.07614809887296506,-0.2068383359251709,-0.18805421256657684,-0.40052210918545683,-0.08375812416803226,0.3131160837095468,1.4140753983644643,-0.9452097962330354,-0.8970235041687181
1.304000000000001,1.951241046905313,0.5628279158182663,-5.182654570306214,0.09912246460694976,-0.2079963676970706,-0.20083341638566263,-0.40052807691748354,-0.0837634840718103,0.31312933775828544,1.4140669150574514,-0.9451944272982953,-0.8970360552382126
1.306000000000001,1.8118917150129388,0.4019584456138858,-5.108780721695909,0.1189124124842431,-0.22092401976986725,-0.2048636635357993,-0.4005410463573402,-0.08375824760871561,0.31312311836151624,1.4140160780353073,-0.9452123079345144,-0.8970449634701708
1.308000000000001,1.639426233432324,0.3395031179468722,-5.58557849707165,0.12489771968977581,-0.24286882536002488,-0.21476220124387235,-0.4005265274982304,-0.08376728702846194,0.31310461332754447,1.4141542714199131,-0.945180375280054,-0.8969863463591841
1.310000000000001,1.0524828035098182,0.8401318596371012,-6.150575971933834,0.12949362524833133,-0.2584520691094324,-0.21155146134532507,-0.40054002088251817,-0.08375942170217282,0.3131246929795933,1.4140597192612945,-0.9452722792042975,-0.897029608874372
1.312000000000001,0.7558158806431282,1.0086070180806928,-6.380071136447856,0.1293528680720358,-0.2735429986567823,-0.2171269481860326,-0.40053074387132503,-0.08376613595503282,0.31309926679371813,1.4141389709700143,-0.9452528669230394,-0.8970217323211358
1.314000000000001,0.7275071740195722,0.7911114736954095,-6.730877902091647,0.12571082208183973,-0.2710882719233383,-0.2243781467752698,-0.40054048058981495,-0.08375093007972001,0.3131016168813784,1.4141249692668953,-0.9452530630880768,-0.8970505753157592
1.316000000000001,0.7292549691664955,0.8094722775817653,-6.290833902411785,0.13075313307386807,-0.2796833890935249,-0.21676607794092495,-0.40053307633984453,-0.08374700874933184,0.3131090172641132,1.4141526530498187,-0.9452658332766019,-0.897031804075005
1.318000000000001,1.0865879496458992,0.658769444936325,-6.291473275077977,0.1226777866319964,-0.26490741172886356,-0.2070305008246947,-0.40054179721461636,-0.08375831120017152,0.31313474985694667,1.4140353773484213,-0.9451919410016649,-0.89707550900449
1.320000000000001,1.476854350255068,0.012029900077603461,-6.083451611354589,0.1313826095408289,-0.24699658337751204,-0.1988586318034939,-0.4005309332324847,-0.08376320507310286,0.31310120825584264,1.414130817578751,-0.9452359418531071,-0.8970042320925729
1.322000000000001,1.5395458597470286,-0.1784947924922881,-5.905827329461277,0.1364467397411519,-0.22961064081894,-0.19122952563377954,-0.4005395962488758,-0.08375980301389628,0.3131067900996685,1.414107905448898,-0.9452399656892982,-0.8970264055435399
1.324000000000001,1.7382999523666407,-0.29302622331979367,-5.643109114960871,0.14013183297403464,-0.21888781204037946,-0.18238198560077304,-0.40055244873590073,-0.08375288973169916,0.31312046209379546,1.4140654154354702,-0.9452182942611949,-0.8970757711571954
1.326000000000001,1.7420208416675056,-0.3266395704205316,-5.377383582560808,0.1304867057792279,-0.22796571054687148,-0.18750664320128968,-0.40053735404238067,-0.08376027512282919,0.31313346813671794,1.4140468081258866,-0.9452067474159553,-0.8970560063672749
1.328000000000001,1.6416806389949177,0.12562057439425967,-5.369293903143006,0.1213130604201666,-0.22936554146882043,-0.18262463357383113,-0.40053332398764063,-0.08376725455099851,0.31314331702031883,1.4140495164665028,-0.9451857846855664,-0.897000837085039
1.330000000000001,1.5970141312528958,0.29400618235999565,-5.1435627068295675,0.13096450681748206,-0.22368396534710705,-0.19594066294273363,-0.4005314622842085,-0.08376565115613926,0.3131177299240336,1.414086273562758,-0.9452144089903922,-0.897040579211823
1.332000000000001,1.5986862576723744,0.37271225217636383,-4.8693796188174145,0.11821083802033067,-0.221930960664527,-0.19792682442857976,-0.40053237993150437,-0.0837712203847504,0.313120484824226,1.4140612185626016,-0.9451411682129225,-0.8969829765013747
1.334000000000001,1.490340831754697,0.6645645119441422,-4.224931393126116,0.12244406773059033,-0.20929492585356363,-0.199220353002206,-0.40053189364630665,-0.0837523054711431,0.3131348200526283,1.4140124848357896,-0.9452323454514706,-0.8970245403762481
1.336000000000001,1.457390399468212,0.7069194027544154,-3.956953981696769,0.11105446403936867,-0.197921194892154,-0.2023323059549259,-0.4005280838746441,-0.08375175182841475,0.3131322525957002,1.414020521941641,-0.9451956505702047,-0.8970163585422579
1.338000000000001,1.7174031937534309,0.6667405604755319,-3.540910047355001,0.10248297234119157,-0.17399568424112877,-0.20896279092710904,-0.40053421528983163,-0.08373139776821784,0.31312522614119914,1.4140252644024738,-0.9452553105997877,-0.8970497501948611
1.340000000000001,1.781319101996355,0.7631543751958707,-3.424477783921247,0.0872044000604251,-0.17059116064159935,-0.2102096542004735,-0.40053360723228887,-0.08375821170434744,0.3131389522911768,1.4139822968301436,-0.9451553237434687,-0.8970455457585267
1.342000000000001,1.5044203412853594,0.8363305345512659,-3.7370789089536633,0.09532841436095392,-0.17691763937688576,-0.2143324503599269,-0.4005317635083861,-0.0837578618600087,0.3131309352753487,1.4140173898500392,-0.9451687163984915,-0.897009968585144
1.344000000000001,1.6688127657375564,0.9846906158384057,-3.90928962671332,0.09869628672219947,-0.2017172300614636,-0.20690424763545673,-0.400546145681599,-0.08374163180384273,0.31313143730985704,1.4139845285894128,-0.9452354132137647,-0.8970845315433948
1.346000000000001,1.4604013411033527,0.5292755610931154,-4.617272819663787,0.10061710039785231,-0.2102347976850104,-0.21351284304016563,-0.40054477899332086,-0.08374717562207318,0.31310736136841605,1.414083135290163,-0.9452738499530606,-0.8970388844691228
1.348000000000001,1.6685242516213614,0.06439539544506967,-5.088073107959981,0.10989422092335853,-0.22185016192797324,-0.2131934581274181,-0.40054148224113323,-0.08373268317365133,0.31312134931332475,1.4140484866134375,-0.9453055988193463,-0.8970764832930272
1.350000000000001,1.4389171261676499,0.5483122657235128,-5.371738749417141,0.11032186055046886,-0.2297293114620308,-0.1982242554768572,-0.40053763093371164,-0.08373704933345849,0.3131019032371183,1.4140843527666793,-0.9452787163132556,-0.8970147668488914
1.352000000000001,1.68835589944152,0.025738800888936875,-5.787703749107416,0.11694435214135233,-0.23515946990106454,-0.2050775632774878,-0.40055001305670346,-0.08375190024371049,0.31312631633917926,1.4140393656232275,-0.945242317883861,-0.8970787583626755
1.354000000000001,1.5172603235171458,0.2932924853297879,-6.0528293897538035,0.12342783016533479,-0.2346576580777034,-0.20481555073785973,-0.4005332399619221,-0.08375071194326862,0.3131312065461908,1.414065536920579,-0.9452162935730105,-0.8970512986491412
1.356000000000001,1.641635013345309,0.27907986427202797,-5.945403182754607,0.12078326068710984,-0.2454938576768071,-0.21144248658683615,-0.40053735424792575,-0.08373687138183811,0.3131385973046658,1.4140047432049263,-0.9452260665113208,-0.8970653702448362
1.358000000000001,1.3651988189652708,0.858395418619194,-5.691557971736934,0.12001740426277777,-0.24857111434716544,-0.20138846582016823,-0.40054167113662253,-0.08374242621066395,0.31311569397771827,1.414030559928137,-0.9452741255375248,-0.8970829041225775
1.360000000000001,1.4231084610578695,0.4445271934428573,-5.934495927648907,0.11933168308563218,-0.23312049572065924,-0.21458113109435537,-0.40054031390598344,-0.08372485745665773,0.31312221790153216,1.4140301855295585,-0.9452555597896372,-0.8970308515107521
1.362000000000001,1.585756719110704,0.48228322020301156,-5.6911543094676,0.12039995259756364,-0.23282181151610543,-0.21671214648560513,-0.4005336292987871,-0.08373948161156897,0.3131106071617648,1.414065660132541,-0.9452504276384088,-0.8970820431821507
1.364000000000001,1.4649382553555612,0.44230640639511865,-5.4720020705546855,0.11887019393793749,-0.2407621920994884,-0.21645863128259685,-0.4005445842831226,-0.08373771199199162,0.31310557664679395,1.41411611766342,-0.9452893241700352,-0.8970492470154642
1.366000000000001,1.123463024332561,0.4049500428791296,-5.525689756693185,0.12470813426440835,-0.24040565002965103,-0.20845216418250634,-0.400537329077682,-0.08372292977336526,0.31311091555066184,1.4140687940721903,-0.9452762623909098,-0.8970575594263424
1.368000000000001,1.2841677255794504,0.376645593598428,-5.318286408087775,0.1256790645250329,-0.24526964691009817,-0.21149206396302153,-0.40054282935669616,-0.08372466069368886,0.3131135063332397,1.4140857091029935,-0.945269450662236,-0.8971122401912105
1.370000000000001,1.477710631924931,-0.0777854085056292,-5.411810252302774,0.13167727835127568,-0.23590335692793857,-0.22029326367592666,-0.400543902090424,-0.08374772940333097,0.31311100709721607,1.4140881161921202,-0.9452358083293463,-0.8970437770846632
1.372000000000001,1.300588869803125,0.3130892948229189,-5.073049916369349,0.12205153735727291,-0.23664551862390915,-0.20539791474139157,-0.40053261478232455,-0.08374648541974856,0.3131253218723063,1.4140059826846165,-0.9452261046734673,-0.8970607418993041
1.374000000000001,1.4321029742804776,0.09935168891825052,-5.060687573521683,0.11598203466467802,-0.2249205184806541,-0.19817770631490314,-0.40053229551570824,-0.08372989438252405,0.31312430877127534,1.4140134735163175,-0.945216972061677,-0.8970894629357691
1.376000000000001,1.7246668781922554,-0.0671491220039564,-4.694285607694636,0.12181730744984892,-0.22205990913136173,-0.19221410654461132,-0.4005423500610698,-0.08374875771577264,0.3131079901679408,1.4140967134706826,-0.9452439696028624,-0.8970841686490163
1.378000000000001,1.685261529889014,-0.26971526349033204,-4.919049890441232,0.1203983518968928,-0.2116697182237656,-0.18870661394951752,-0.4005439852914383,-0.08371913744219896,0.313145174334441,1.4139488294623759,-0.9452066040507515,-0.8971481178275617
1.380000000000001,1.6676131464934747,-0.012092811784737645,-4.757217366765707,0.12263509090193571,-0.2152655688378806,-0.18404917162390388,-0.400526554683086,-0.08374174098790493,0.3131141797706205,1.4140945682872752,-0.9452237795842674,-0.897037923555794
1.382000000000001,1.7921715246217382,-0.0048692196531116005,-4.542627520167934,0.12622233127333915,-0.214204715746477,-0.2002903343678241,-0.40052385878072677,-0.08373227450464318,0.3131180844125824,1.414013456220117,-0.9452594722652539,-0.8971069792770755
1.384000000000001,1.6280906904270598,0.30364081315151714,-4.5756366310022,0.11472912696654779,-0.20953080632846688,-0.20667652972335318,-0.400530579192628,-0.0837269249753462,0.3131385795452096,1.413974499253216,-0.9452344942561282,-0.8970887376175257
1.386000000000001,1.4160498360999805,1.1774425751258715,-4.261259704620454,0.10086279887832979,-0.20395273239882628,-0.20318359455321114,-0.40053207542205516,-0.08372010721045968,0.3131391070268481,1.4139458060227494,-0.9452438509575612,-0.8971049475110048
1.388000000000001,1.58549521400793,0.8246118849255762,-4.166463911568676,0.09146649906684418,-0.2026287744912751,-0.21223958273313775,-0.400549438378706,-0.0837088568655561,0.31312093490739673,1.413995590101947,-0.9453491658770001,-0.897155524696154
1.390000000000001,1.5152103497778724,1.0628261221016937,-4.001075712872635,0.10649679369267963,-0.2006687992116224,-0.20255209686993259,-0.4005408693817154,-0.08372521486481574,0.31313525513580936,1.4140173557630762,-0.9452006314974863,-0.8971368804214616
1.392000000000001,1.5340601590284146,0.6030458243339577,-4.446860107472708,0.10607170949727796,-0.19964441481881384,-0.20948028160221147,-0.4005353557548886,-0.08373048510609721,0.313122065560397,1.413968834657959,-0.9452579561058563,-0.8970586520820227
1.394000000000001,1.634689237510401,0.7848013464860488,-4.826162084004052,0.11545579290408053,-0.20886561708547907,-0.20466819213401483,-0.40054334846645445,-0.08373064969714042,0.31313230296101263,1.4139830086799103,-0.9452933449357879,-0.8970978724216647
1.396000000000001,1.5766007063440766,0.4819356911012095,-4.807284955789739,0.11816266571383285,-0.229554350501859,-0.2057120958415036,-0.4005418512409668,-0.08373026623744412,0.31312336044069256,1.4140184409634853,-0.9452520408253894,-0.8971013174800451
1.398000000000001,1.4705281615219774,0.4468314161502133,-5.67344921529837,0.10200600831324264,-0.23154395432237868,-0.20496765421443364,-0.40054315575023536,-0.08373372285590304,0.3131113715159651,1.4140734710774914,-0.9452777436763832,-0.8971092887568586
1.400000000000001,1.6272526514673533,0.2354650881453053,-5.603701888464009,0.11107000067678714,-0.23625262781654277,-0.21199357310881298,-0.4005485526799055,-0.0837245586209792,0.3131010929184842,1.4140858572998964,-0.9453067094856623,-0.8971283356877603
1.402000000000001,1.3803691280970756,0.6342166502717382,-5.9708701136185915,0.1114564161912161,-0.23441703057530341,-0.20460700359865636,-0.4005402833121859,-0.08373131202711961,0.3131374549960075,1.4139979437278685,-0.9452630699900288,-0.8971497696671901
1.404000000000001,1.324929006102134,0.4405735494462265,-5.589654875853959,0.11899968271797297,-0.23638856369661335,-0.20378736838713,-0.4005455919050481,-0.08374590122494568,0.3131161645943846,1.4140693677479563,-0.945270937100537,-0.8970641387027265
1.406000000000001,1.58627300707517,0.5356615992300016,-5.579590033305965,0.12217530069674472,-0.23332228221883689,-0.20376662032722923,-0.4005281883325274,-0.083745172695565,0.3131168017264917,1.4140596960824334,-0.9452217670450688,-0.8970376653548323
1.408000000000001,1.4939163094188155,0.5611641101749696,-5.2212165618164725,0.11929722787101957,-0.2344132143375316,-0.20163801588191457,-0.40053546214546165,-0.08373863914603183,0.3131112377872854,1.4140822484053928,-0.9452435269175289,-0.8970660688537602
1.410000000000001,1.613149228583663,0.569771756824405,-5.140829669818526,0.12123365254905265,-0.22720298005403577,-0.20436627236118904,-0.40053387042271127,-0.0837514435700698,0.3131201326088401,1.414065265312992,-0.9452491852083041,-0.8970520715357716
1.412000000000001,1.5107292473379903,0.6413764564671164,-5.30671639501424,0.11457144863988401,-0.22101518162904038,-0.21133937660584057,-0.40054126861877637,-0.08371400313116678,0.31310437465983554,1.4140857835094796,-0.9453140626995421,-0.897107720751729
1.414000000000001,1.413112054582578,0.759175318932666,-5.235454365165681,0.12132668696728163,-0.22269173339430925,-0.20793566537871352,-0.40054258022740813,-0.08371630347461917,0.3131073848593812,1.4140402300828976,-0.9453118205273502,-0.8971325589836978
1.416000000000001,1.5254165362080205,0.5178536584907665,-4.919763340152202,0.12585792302040516,-0.22811567457832482,-0.20805267181757786,-0.40054688436323227,-0.0837278309046003,0.31310509537384784,1.4140816126452864,-0.9453073738956417,-0.8970681996232696
1.418000000000001,1.5678793682286276,0.4330840298745123,-4.865284078419279,0.12998592313910298,-0.22280674074789403,-0.20128847040487774,-0.4005522830149011,-0.0837449532780224,0.31312571451140003,1.4140235159380963,-0.9452208013138848,-0.897081669619545
1.420000000000001,1.550742336923523,0.16266175852384607,-5.081573865924174,0.1213295814352799,-0.21819113839971382,-0.19474859661429936,-0.4005452016904387,-0.08373609147499719,0.3131066613892078,1.4140931711212903,-0.9452611633822288,-0.8970974690646468
1.422000000000001,1.6734264430945425,-0.05589148578627573,-4.687529590394711,0.12407110903590866,-0.21859551792026854,-0.19036219246312927,-0.40054578160866183,-0.08373111834720764,0.3131175368274121,1.4140706648330685,-0.9452617774444341,-0.8970912276820089
1.424000000000001,1.5105448896401792,0.2100684288320644,-4.676331531526674,0.12371385155652725,-0.22085274328915158,-0.18365538241188772,-0.40053634884255096,-0.08372377056030766,0.31310852451804044,1.4140326247747506,-0.945281685838369,-0.8970959620639268
1.426000000000001,1.6804077880767032,-0.1145902976760732,-4.665175107125709,0.1250946290942821,-0.21847868358548816,-0.19238628009697414,-0.40053172027746925,-0.0837380263274532,0.31313214833639325,1.4140107262172426,-0.9451746576773364,-0.897071380734062
1.428000000000001,1.599900814682814,0.18172441447961807,-4.646704644489945,0.13383092044752257,-0.21563103259569147,-0.19430386863188634,-0.4005424112134799,-0.08374575512723967,0.31310874104291997,1.4141239899867473,-0.9452125565614542,-0.8970878321697703
1.430000000000001,1.5452255851999035,0.4154953513801939,-4.715781603856479,0.12195513087816483,-0.220865884740446,-0.192813919457184,-0.40054168965055115,-0.08374109617223631,0.31313667015064856,1.4140055343637745,-0.9452050128927496,-0.897067037925864
1.432000000000001,1.7091138298143655,0.5369769741601813,-4.929945977404637,0.11417947539034451,-0.22029807809669105,-0.19048743008940125,-0.4005333230672111,-0.08374512605768122,0.3131075606248034,1.4140881373973184,-0.9451997102232743,-0.897073184735854
1.434000000000001,1.698810129186224,0.49106468076690635,-4.985615837420627,0.11139756131915612,-0.21608203585244906,-0.20111074202777537,-0.40054707373371373,-0.08373827398298736,0.3131352668869423,1.4139865955890325,-0.9451972397995415,-0.8971020483418375
1.436000000000001,1.518738845018947,0.8201180130756558,-4.638459789953041,0.11862519482590893,-0.22436859295342762,-0.2080781522688896,-0.40054868591331233,-0.08373249210942027,0.3131297908587638,1.4140029545516521,-0.9452667109564588,-0.8970766828319763
1.438000000000001,1.5462204761709384,0.615545156906636,-5.021149759076922,0.10942425140315594,-0.21479562335769647,-0.21723369773482823,-0.4005404651025476,-0.08373764060809799,0.3131089789324342,1.4140854220591688,-0.9452682221696873,-0.8970826392915995
1.440000000000001,1.428222697869158,0.6524696259199283,-4.718587271228276,0.1079388776033427,-0.22711580052509542,-0.2165459621442899,-0.4005508402265149,-0.08372059500832166,0.3131112544166056,1.4140224355186244,-0.9452704129561557,-0.8971288636811398
1.442000000000001,1.4306855865749852,0.7895932329075086,-4.876648037266147,0.10281577730016671,-0.22490410449845025,-0.2098954495659541,-0.4005477802334274,-0.08373243192694643,0.3131264843556476,1.4140271668690108,-0.9452670801074976,-0.8970565079182501
1.444000000000001,1.7175913552033122,0.41385080260596446,-4.976030599320522,0.1051432895353497,-0.2246692879359739,-0.21294963991605115,-0.40055377448887,-0.08374832109495886,0.31312565354275806,1.4140381332139809,-0.9452494117906642,-0.8970446597142948
1.446000000000001,1.5566348231915568,0.40749957317211455,-5.055952628840049,0.11187188957923376,-0.22558911898680092,-0.20762151618148963,-0.4005328587896339,-0.0837257692779377,0.3131066109064077,1.4140747654611234,-0.9452643616413762,-0.8970454520232827
1.448000000000001,1.5949385897448443,0.4192375497903047,-5.447969423391042,0.11972771027114594,-0.2220584730801776,-0.2039383586881551,-0.40055181323632677,-0.08372881491498667,0.31313131787112186,1.413965652093168,-0.9452918259767841,-0.8971771757139296
1.450000000000001,1.415745187605751,0.5230069077991081,-5.454525030219819,0.11283367362563924,-0.22621938040250458,-0.1982824401637184,-0.4005421570907398,-0.0837501195280139,0.3131250512105231,1.4140314017100668,-0.9452268188047196,-0.8970457085413246
1.452000000000001,1.3202837476479807,0.48047301020392086,-5.17859070884725,0.11199545175237624,-0.2315179036456426,-0.20209981065456906,-0.4005457553595826,-0.0837475010511883,0.3131351242346495,1.4140042433538993,-0.9451493371208939,-0.897107242793128
1.454000000000001,1.4611770165018219,0.36056772187163033,-5.1460698937985505,0.11679843521145185,-0.23095875918458394,-0.20529361956737696,-0.40054348503993453,-0.08372029779835116,0.3131056596202122,1.4140931682486062,-0.9452846393094291,-0.8971256906605142
1.456000000000001,1.5085544122928756,0.439801702247752,-5.184068588336831,0.1166248918490797,-0.22201512725057712,-0.20569488876120445,-0.40053770927335064,-0.0837424752786893,0.313110508997461,1.4140152444380114,-0.9452497414500648,-0.8970845409186623
1.458000000000001,1.482418609291647,0.45481267975562245,-5.0706636298779015,0.11703188365958445,-0.22113589998667696,-0.2076769848029889,-0.4005388502908867,-0.08372592673692972,0.3131186907679539,1.4139995256260853,-0.9452690849822463,-0.8970934787587962
1.460000000000001,1.4883685797280575,0.4586345748383294,-4.869579919133427,0.12021516641031652,-0.2198307283049693,-0.2028458592078214,-0.4005333834378242,-0.08373111465252164,0.3131048617170632,1.4140752807819896,-0.9452530675008464,-0.8970627480092723
1.462000000000001,1.59786953108697,0.41486842415287634,-4.89946412517009,0.12926070696608824,-0.21633909636188786,-0.2040472165282926,-0.4005459453213176,-0.08372186741265446,0.31308745787412073,1.4141096056784244,-0.9453143546097911,-0.8971012860085894
1.464000000000001,1.3130118588582198,0.7655973900236286,-5.302773602311852,0.11306846242345613,-0.21467841837805995,-0.1922646348233687,-0.4005499311477887,-0.08373753975837403,0.3131215695484465,1.4140304670857269,-0.9452504597764287,-0.8970611655477517
1.466000000000001,1.504841854317609,0.5914774143296002,-4.927974151649205,0.12074128527128257,-0.22100999098714194,-0.20085082037937102,-0.40054338838793874,-0.08374050338524122,0.31309772460320795,1.4140723113612874,-0.9452588217900276,-0.89703712100564
1.468000000000001,1.5337566203051634,0.6372912200359879,-4.907857805304461,0.11552495882924399,-0.22229447912527917,-0.19561613830218846,-0.4005428423283745,-0.08372956367757103,0.3131155236199473,1.414047143588264,-0.9452437912091824,-0.8970960426812542
1.470000000000001,1.5217403824610547,0.459348847085157,-4.96779793307867,0.12385312254214705,-0.22043133731147152,-0.19888403097975285,-0.4005506823798034,-0.08374972338331556,0.3131265058646632,1.4139964551181121,-0.9452007425964972,-0.8970883924022888
1.472000000000001,1.6125965918890959,0.18957644404620988,-4.726645415759818,0.12738692321766173,-0.22449340005037433,-0.20011843705769192,-0.400544230272817,-0.08373925804659149,0.3131084467244254,1.4140533678216698,-0.9452106802046004,-0.897066996412967
1.474000000000001,1.6674958385829866,0.30229820189963014,-4.834147275547703,0.12265770800106147,-0.22004364055107464,-0.19618751344790997,-0.40054310677391336,-0.08374119451419781,0.3130897877228144,1.4140991412736867,-0.9453115371279359,-0.8970185295511899
1.476000000000001,1.7067434789816427,0.1654857982016933,-4.8641431289293315,0.12203657292484578,-0.2165547855740612,-0.19714949495221445,-0.40054120432892576,-0.0837467958945293,0.31309743091953296,1.4141060982436027,-0.9452522247369115,-0.8970205433570813
1.478000000000001,1.5286917511814062,0.2912159960207826,-4.893125666391602,0.11229214592921846,-0.22138189217901075,-0.1923519919373617,-0.40053770633560104,-0.08374057389153948,0.3131181186866239,1.4140528261834837,-0.9452126959058198,-0.8970258797136127
1.480000000000001,1.443655296007337,0.574267330933474,-5.23179956211927,0.11417546300987505,-0.21574131900537336,-0.2037385946173337,-0.4005396592950093,-0.083723087454999,0.3130915396087846,1.4141014218790935,-0.945336118260634,-0.8970795065182396
1.482000000000001,1.4952708890139987,0.627210898985608,-4.9687984896182025,0.10728983144571243,-0.22570701964673875,-0.21213838726626735,-0.40052986748172914,-0.08371145531902208,0.31311381572548347,1.4139980522494648,-0.9452843902158002,-0.8971367140545122
1.484000000000001,1.4952708890139987,0.627210898985608,-4.9687984896182025,0.10728983144571243,-0.22570701964673875,-0.21213838726626735,-0.40052986748172914,-0.08371145531902208,0.31311381572548347,1.4139980522494648,-0.9452843902158002,-0.8971367140545122
1.486000000000001,1.5918857648892317,0.7463419686144017,-4.9977484717255765,0.11739256333665049,-0.2216866176236507,-0.21267031659344451,-0.40054329543316874,-0.08374812188791345,0.3131007738579515,1.4140666300737486,-0.9452378372003754,-0.8970252727861592
1.488000000000001,1.5115615508876996,0.9559424650407797,-4.754236227893655,0.11268713865445622,-0.22189215024658632,-0.20116651625455623,-0.4005421266554012,-0.0837260088857256,0.31311142816357806,1.414047648088457,-0.9452915871090389,-0.897075842372111
1.490000000000001,1.5262227792497465,0.5644390369210277,-4.853989965965305,0.11385669484577751,-0.21716010260295032,-0.20860587424601237,-0.40054415930201004,-0.08374109146573198,0.3131205672810671,1.4140527361083097,-0.9452306861256305,-0.8970591753529524
1.492000000000001,1.410739663011572,0.8710838197840407,-4.758982330243453,0.11448901945879081,-0.22277509100433213,-0.2012363449680518,-0.4005331111073047,-0.08374079051876095,0.31310548805174454,1.4140765179990484,-0.9452779793581858,-0.8970524735233922
1.494000000000001,1.3595766657889061,1.0475898002235384,-5.046886816376477,0.11075408456139484,-0.22057631800856434,-0.19472872955287737,-0.40054611499557513,-0.08374434245819942,0.31310182178667423,1.4140311180260516,-0.9452613055502782,-0.8970515973177026
1.496000000000001,1.3024077010666424,0.7708238743922637,-5.254626932402169,0.11022899960383006,-0.21741294399888264,-0.19445412120188713,-0.4005394200081441,-0.08373805643737384,0.31309006842312903,1.4141502554921601,-0.9452626032651651,-0.8971043261173999
1.498000000000001,1.3630118147493346,0.4083505333060743,-5.06814684963396,0.11758015822992332,-0.22461191280861645,-0.20283208576772452,-0.40054357956458286,-0.08374422658638275,0.3131072109546791,1.4140772547714906,-0.9452131185949444,-0.8970696240010365
1.500000000000001,1.4805120559242364,0.26231541590918633,-5.198054766794484,0.11286149275968133,-0.22568747156443453,-0.1973661105756648,-0.4005381161812485,-0.08372642765938164,0.313083090903028,1.4141286241607267,-0.9452790405412779,-0.8970823131946425
1.5020000000000011,1.3731460954270016,0.3590494359424974,-5.249386157656293,0.12773801244142619,-0.22246885802617083,-0.1906316701590877,-0.400531780627458,-0.08374294980876823,0.31312169557440206,1.4140441768256955,-0.9451752938076133,-0.8970855149705288
1.5040000000000011,1.6687159340979068,0.25648848790771656,-5.137301294901201,0.120879878803972,-0.22292530260673604,-0.19535818017281745,-0.40055323546721405,-0.08374105764889297,0.3131155992926674,1.4140149817036998,-0.9452576073720618,-0.8970886005887717
1.5060000000000011,1.7520383458978386,0.018449470018004566,-4.911078831249402,0.12977376742946645,-0.22204950922654265,-0.20398416017798926,-0.40054105380703414,-0.08374438823487476,0.31311491206286945,1.414044754486067,-0.9451940729873816,-0.8970739273911967
1.5080000000000011,1.4668017678200047,0.3339121095266421,-4.963330159694271,0.11682958701167187,-0.22725265925515162,-0.20116667889528808,-0.40054890118731595,-0.08373521003045634,0.31308442848419576,1.4141453591404038,-0.9452614138076905,-0.897045045093859
1.5100000000000011,1.5354208996612992,0.3819332558632334,-4.790239337565258,0.12462213048369385,-0.2237691094045921,-0.2058089080296393,-0.40054456114104453,-0.08373707550577181,0.31310162202362296,1.4140611609524418,-0.9452680269406027,-0.8970638525477982
1.5120000000000011,1.581166468684414,0.2991118613553639,-4.872690451208283,0.117463204929385,-0.22353115592391506,-0.20909064215746798,-0.40056035157052794,-0.08373606347178894,0.313091399059137,1.4141164563724595,-0.9452851851182404,-0.8970862182292325
1.5140000000000011,1.3264986377190129,0.4844227221355799,-5.0692739166538106,0.1186589423912385,-0.21924613620912392,-0.19682325007967472,-0.40054895204648105,-0.08371938483085278,0.3130762304450285,1.4141875863226445,-0.9453120089042394,-0.8970899926736198
1.5160000000000011,1.6802854091571233,0.2662536265113367,-4.740776324311535,0.12941192071350055,-0.2239392544466207,-0.20412946407802668,-0.4005323343445854,-0.08373621679477053,0.3130938382631017,1.414088751532815,-0.9452116125763295,-0.8970994751109588
1.5180000000000011,1.2900561612359582,0.6620280944332848,-5.022925550134557,0.12740664345085162,-0.2242671478658509,-0.18873140297315477,-0.4005396329789648,-0.08373299520989408,0.31309198615842,1.414094300121327,-0.9452878927740856,-0.897046506481658
1.5200000000000011,1.599637144191933,0.15308022936453247,-4.9655156240699965,0.12921366397403,-0.23013039165308505,-0.20108564418313324,-0.40053070902970817,-0.08372874650264923,0.3130885313325318,1.41408835130669,-0.9452557920847294,-0.897088968146189
1.5220000000000011,1.3629371740098812,0.37599854443362346,-5.094062175379921,0.12202540391517719,-0.23040434656793882,-0.19806051303311725,-0.4005410784069724,-0.08374156983144546,0.3130994617516852,1.4140838049901683,-0.9452601600521359,-0.8970582372223405
1.5240000000000011,1.463727383518133,0.6430505644233757,-5.274194135391331,0.11367365533833038,-0.2306003081542386,-0.19934015375719735,-0.40053581627955853,-0.08374629587304562,0.3130874373211274,1.4141755267872038,-0.9452403000657159,-0.8970800678833989
1.5260000000000011,1.3605277780152316,0.5424173267527885,-5.004412445081415,0.11824998833977979,-0.2317759913157299,-0.200081931113502,-0.40053757686362856,-0.08371988501492657,0.31308709490174025,1.4141118523514935,-0.9453079083776257,-0.8971146311772709
1.5280000000000011,1.6540022103697922,0.29450300155817644,-5.109487942940032,0.11315131586036124,-0.22769961579434478,-0.2076186227179689,-0.40054154417055093,-0.08374708339284223,0.31309499579920175,1.4140947629802132,-0.9452109948523733,-0.8970188759379997
1.5300000000000011,1.592151578384871,0.3597265701895201,-4.626107591988979,0.1251137137884336,-0.22811241088620857,-0.2044857519488841,-0.40054841718337236,-0.08372883693594788,0.3130765934985069,1.4141608742491525,-0.9453242364529816,-0.8971049567992053
1.5320000000000011,1.6472325718267746,0.5271129180832484,-4.897040496200521,0.1153010696163868,-0.2227267201402266,-0.2037245894507734,-0.4005399703923805,-0.08373401990538586,0.3130836905209214,1.4141006846155821,-0.9452905440796365,-0.8970516593360875
1.5340000000000011,1.4717423172019235,0.8629898192257276,-4.753422369544565,0.11702258900632,-0.22522148633031017,-0.19794411123914601,-0.40052948252753817,-0.08371969410606077,0.3130931727428319,1.4140550330563195,-0.9452846436246412,-0.8970722239637071
1.5360000000000011,1.3736407197471232,0.6449796510832837,-5.0329363448814775,0.10467960132161279,-0.22061215227154454,-0.2171798421423745,-0.40054437589655445,-0.08374470396803656,0.31310169047700664,1.4141017412657761,-0.9452423632696818,-0.8971047138527275
1.5380000000000011,1.3264110459503324,0.6305667546452809,-5.085473556317519,0.11225579284455592,-0.21636469732725924,-0.21422817132913394,-0.4005286512739603,-0.08373478959802813,0.3130908059882273,1.4141054767140746,-0.9453179875820902,-0.8970273224911804
1.5400000000000011,1.2165998013615686,1.1365329129477009,-4.872278572996445,0.11040002351524812,-0.22306627656854644,-0.20030546684874365,-0.4005330402159929,-0.08376461793179618,0.3130861445311931,1.4141916698116939,-0.9452275073011739,-0.8969740712102215
1.5420000000000011,1.5960608817518456,0.33430607753527,-4.881621497871581,0.11838364490004884,-0.21831557677086869,-0.21212561711832265,-0.4005331883468439,-0.08375129128370365,0.31309130803623825,1.4141671037034858,-0.9452250834768883,-0.8970033668314009
1.5440000000000011,1.547122482254562,0.54930645969568,-4.779428295664049,0.11899856044981236,-0.21404224974737207,-0.20168532037371603,-0.40054766952640797,-0.08373396633242378,0.31310327373788377,1.4140291717327007,-0.9452324080481249,-0.8971231885054726
1.5460000000000012,1.6466611617778182,0.3861924062777136,-4.963616273883925,0.12278863880315548,-0.21285937705681326,-0.2014446667732909,-0.40054076697010316,-0.08372478603675987,0.3131031540516012,1.4140283874661748,-0.9452689433285737,-0.8970941901465986
1.5480000000000012,1.799756928287299,0.03731756485128668,-4.800769236341784,0.1250182219664254,-0.21632348124081016,-0.2063733969297672,-0.4005337659020808,-0.08373526493998798,0.31306762310387937,1.4141794256693176,-0.9452586225054626,-0.8970829644073872
1.5500000000000012,1.6632696627288883,0.15883573148698327,-5.353952037266498,0.1149455129886837,-0.2151105593786593,-0.20150441304778416,-0.40053959894952285,-0.08375659239449099,0.3130859059111065,1.414111119814388,-0.9452608859823629,-0.8970135163415034
1.5520000000000012,1.398610083643684,0.37624251493932276,-5.016141365142207,0.1172442429684219,-0.22956032268836785,-0.19529210529546856,-0.40053174378638456,-0.08373679169323978,0.31308569872751446,1.4141180605067474,-0.9452945220112025,-0.8970333283097286
1.5540000000000012,1.3310264280812718,0.3179677615599911,-5.444586190829585,0.11698944591429407,-0.2237361605212592,-0.19498335223442848,-0.4005499156057699,-0.08375110622325532,0.31308568003316367,1.4141542471187951,-0.9452636394850304,-0.8970781959349595
1.5560000000000012,1.46495273950622,0.3670880193132854,-5.370814303012489,0.12055820366200332,-0.21823329554082385,-0.196826449854446,-0.4005435451029204,-0.083729543596901,0.3130958400854075,1.4141042102640031,-0.9452999662358824,-0.8970818955282992
1.5580000000000012,1.5517439960162611,0.4716141200842948,-4.908622486805809,0.12330563712684202,-0.22414632505036053,-0.1904924451629642,-0.40052934877813523,-0.08374130298366843,0.3130794359941916,1.4141359487852962,-0.9452476308715908,-0.8970379093919385
1.5600000000000012,1.6389699043726427,0.29324866992380294,-5.214189211481577,0.11735280812644476,-0.213162171455539,-0.19829572625230088,-0.4005493564858065,-0.08374504215125504,0.3130793335813121,1.4141538838012173,-0.9452898932984654,-0.8970914069706973
1.5620000000000012,1.5567093089898365,0.15131698352622097,-4.8234804937902735,0.12994799015851194,-0.21756193354388909,-0.19908806838602078,-0.40053326856862853,-0.08373192759845094,0.31307523733436,1.414188239027489,-0.945291499747031,-0.8970591445123582
1.5640000000000012,1.4927668436226138,0.6814905163216988,-5.0365431996892935,0.11692485149165606,-0.21842369791560098,-0.19928760743107007,-0.4005393896491307,-0.08374434780980049,0.31308123004433197,1.4141435331718912,-0.9452767457275563,-0.8970950785997972
1.5660000000000012,1.4593165789817757,0.6437332966660414,-5.143260294130954,0.11207452592015338,-0.22007417062896248,-0.1976009497718553,-0.40052827466646773,-0.08374596260433173,0.31309359575475665,1.4140943997699853,-0.9452174412462694,-0.8970196280979547
1.5680000000000012,1.5784277178643742,0.5453702040773443,-5.088069845202599,0.11788422107922467,-0.22440099856463505,-0.20704963340051707,-0.4005418058119278,-0.0837353882194862,0.3130799604974501,1.4141418087392303,-0.9452773113302213,-0.8970546949910532
1.5700000000000012,1.4781029475551366,0.6532818054634213,-5.352848784237639,0.12085437769805245,-0.2171348919766487,-0.19511335825137296,-0.40053264624039775,-0.0837309192162253,0.31309635742399056,1.4140686076429279,-0.9452612503288873,-0.8970857885812488
1.5720000000000012,1.3797902879646733,0.9432265178466843,-5.198687328802331,0.11861742644979555,-0.22105606992184462,-0.1904725300335254,-0.4005375099358366,-0.08373281731953015,0.3130984748445826,1.414067503485143,-0.9452647628546634,-0.8970630535100748
1.5740000000000012,1.5614569068496877,0.6603437680140143,-5.085316861160133,0.12321675831794257,-0.22022528890548612,-0.18850450160957488,-0.4005373405965061,-0.08373461604583361,0.3130645524884028,1.414199322552272,-0.9453334780814588,-0.8970215213106915
1.5760000000000012,1.5851515749117069,0.18486664552387128,-4.749063881595979,0.1292832061724169,-0.22207425011212242,-0.19945085137163504,-0.40053125338186274,-0.08374469895562675,0.3131002875509112,1.414069719584648,-0.9452094744534423,-0.8970463511295993
1.5780000000000012,1.4799869714352454,0.21170016594811142,-5.0249003327765305,0.11940504355042074,-0.2164836706417342,-0.2055711324663663,-0.40052562860070645,-0.08373047151875229,0.31309592343073095,1.414047290225406,-0.9452297099662195,-0.8970541783880368
1.5800000000000012,1.5307717882752148,0.4166751099068415,-5.180284987260932,0.12054297186629047,-0.21312767451399908,-0.20411934436207105,-0.40052503194131167,-0.0837224563335924,0.31309182561773136,1.414110537720705,-0.9452625885690387,-0.8970866488464191
1.5820000000000012,1.4675238035606266,0.2811780735816793,-4.925867109946115,0.11435898094718062,-0.22173749636430704,-0.2115301498045413,-0.400524069779683,-0.08372840950265753,0.3130795800383203,1.4141652873050734,-0.9452978696647129,-0.8971240105344241
1.5840000000000012,1.5342758240616434,0.6528959315884322,-5.0417866323704335,0.11995711722333832,-0.21842452489577094,-0.20036374346254304,-0.40053581372445846,-0.08373885301148176,0.3131045741001065,1.414061190370489,-0.9452492264936402,-0.8970368701677982
1.5860000000000012,1.8536260546404657,0.24751404655657028,-4.977335155320684,0.1206935352266752,-0.21478218971569338,-0.20954606425874736,-0.4005413078301872,-0.08371484492253997,0.3130841154024572,1.4141153866414327,-0.9453246986701035,-0.8970917549179174
1.5880000000000012,1.3509018982077188,0.8042940888517333,-4.7912131955920705,0.11920763151740299,-0.22200157728943457,-0.19632496870191415,-0.4005231519725665,-0.08371516531867501,0.3130751685759066,1.4141557932424655,-0.945295766263206,-0.8970914521738226
1.5900000000000012,1.68672779792172,0.4109741816923774,-5.136308168439007,0.11360131125589477,-0.21468424353907806,-0.20617888173564536,-0.4005376786844725,-0.08373638663731398,0.31307790961249427,1.4141473414498291,-0.9452907362497135,-0.8970832640189201
1.5920000000000012,1.5761654596703734,0.6606374191535116,-5.150210201924576,0.10550841477668879,-0.22000155356619555,-0.20395408667507095,-0.40053060283325775,-0.08373994528217697,0.3130972953458664,1.414059111738665,-0.9452922510538232,-0.8970417267591091
1.5940000000000012,1.6392158649193054,0.706092669705725,-5.138170873275793,0.10470410585692186,-0.2260409484080283,-0.20103329029571906,-0.40053628290894244,-0.08374991540017046,0.3130884816299342,1.414137858896616,-0.9452371433998521,-0.8970488283713671
1.5960000000000012,1.6290752172707355,0.42097030874931163,-5.188714595264923,0.12350826617314409,-0.2214624949278955,-0.20444818640615,-0.4005386888992675,-0.08374744839518192,0.31308483708184687,1.4141863757154571,-0.9452706964563051,-0.8971180127462599
1.5980000000000012,1.7521085771557403,0.41035726126971567,-5.185270939750174,0.12433338504447966,-0.2260248703246971,-0.20213211096321726,-0.4005341695111197,-0.08372295468085242,0.31308201690155907,1.414113278744582,-0.9453225071850432,-0.8970490119954664
1.6000000000000012,1.6901090806492363,0.4462040672406848,-5.365074766448693,0.1277765073249065,-0.22255016324279628,-0.1956744828274435,-0.40054488313554665,-0.08373270913738513,0.3130686395966132,1.4141467654789608,-0.9453059545659049,-0.8970545130084009
1.6020000000000012,1.5511589916440691,0.38797483317758974,-4.989523566668734,0.12618114190827187,-0.22807623951894376,-0.19275544542665865,-0.40053489227454425,-0.08373887552633569,0.3130834784307826,1.4141440961768328,-0.9452993703372623,-0.8970544835179972
1.6040000000000012,1.6576712969002114,0.27013440037799163,-5.269515982496117,0.1195768396009968,-0.22520612683799557,-0.19850159484371352,-0.4005299253587264,-0.08373378104420234,0.31307827023669765,1.4141066708217451,-0.9452933027710052,-0.8970186719026397
1.6060000000000012,1.5409195011064711,0.6169647709878526,-4.899901649808869,0.12206067713211805,-0.2274950163418892,-0.19799385546095485,-0.4005357676489865,-0.08375298656716326,0.3130760303242242,1.4142254396219363,-0.9452561205771858,-0.8970060761602607
1.6080000000000012,1.3037192733956007,0.5776560999983149,-5.1834842450687315,0.11421166768961735,-0.21911051101975726,-0.20156116470319665,-0.40052869106405337,-0.08373081237476805,0.3130957768116969,1.4141099520018918,-0.9452290231184225,-0.8970744823408126
1.6100000000000012,1.3771399571729759,0.6322536953732308,-5.017911900625546,0.12351402716806863,-0.22181671402990624,-0.2048041272649202,-0.4005282210200389,-0.08371795797778858,0.31308047251584564,1.4141499075458708,-0.9453148445817809,-0.897078576616737
1.6120000000000012,1.4591429445761315,0.6053039001575445,-4.937896183397789,0.12194682068295058,-0.2234684394439902,-0.20297647622216092,-0.4005323116021605,-0.08373815468737453,0.3130604932546758,1.4142364905263163,-0.9452987829889224,-0.8970634053184754
1.6140000000000012,1.6407411324156351,0.17170220320621488,-5.01134192314702,0.11316657165812878,-0.22415641209798062,-0.21538019012207976,-0.400533929044277,-0.0837313377284235,0.3130860837921748,1.4140982577668826,-0.9452494690332053,-0.897090986087408
1.6160000000000012,1.2921147036545886,0.9346510075149808,-5.08485393975125,0.12090698277962586,-0.2205476275575464,-0.1921442111477624,-0.4005249330783504,-0.08373144949574046,0.31309888920722395,1.4140899876435724,-0.9452486832020071,-0.8970450629217525
1.6180000000000012,1.4663426076435258,0.5191971152341431,-4.717996248041977,0.12033446029378672,-0.22830457708220558,-0.2022987082069848,-0.40054035114156206,-0.0837084442195882,0.3130820355436749,1.4141500331354253,-0.9453597225614193,-0.8971434691275109
1.6200000000000012,1.4199790304378421,0.6892012472336703,-5.171119273974759,0.11251016323334229,-0.21721136451889092,-0.1989765247762138,-0.4005420113668958,-0.08375332379537387,0.3131028185674186,1.4141120907374645,-0.945210528508217,-0.8970550117310604
1.6220000000000012,1.2527868367736732,0.8639311600805644,-5.0231759529529905,0.10867599801024756,-0.22166547146286394,-0.1963808388689136,-0.4005357669835202,-0.0837344681469128,0.31308279220856683,1.4141382267014448,-0.945275245419113,-0.8970690056981407
1.6240000000000012,1.4346328468164313,0.4489775480082203,-4.962943047645066,0.11219109330696686,-0.21997198866988504,-0.20488961536066488,-0.4005355902643172,-0.08372215835737737,0.31308317492058585,1.41408077880964,-0.94529746410981,-0.8970337780568054
1.6260000000000012,1.616635085260755,0.6303050688373031,-5.26631880916973,0.11177039669289361,-0.21497027176729103,-0.19561294558418268,-0.4005385767663797,-0.08373009962668745,0.31307527198022184,1.4141113510509595,-0.9453146103705433,-0.8970897489571845
1.6280000000000012,1.479067637823857,0.6925853339405519,-5.113333737663498,0.11119720600828649,-0.21417998148958128,-0.1954201836395677,-0.4005298009738737,-0.08373413668007003,0.31308137092299965,1.414164556818533,-0.9452943862568692,-0.8970826765438583
1.6300000000000012,1.6954863163652987,0.11522743971219962,-4.992380663101623,0.11913953110687064,-0.21357073575914043,-0.20546321632708964,-0.40052355230840486,-0.08374906907785734,0.3130812104463668,1.4141623954738711,-0.945277681763364,-0.8970231617070511
1.6320000000000012,1.435947172196622,0.6531867062240154,-5.073250551719477,0.11848701017538016,-0.21751778503583383,-0.1943844110946029,-0.40052905197926686,-0.08372231691229846,0.3130831117360321,1.4141510649295925,-0.9452928678152646,-0.8970865838821048
1.6340000000000012,1.4511015294396579,0.452435184734953,-4.837031100012689,0.11825488266486286,-0.21874214630845606,-0.19678701229010628,-0.4005155241478305,-0.0837409662253667,0.3130960371175934,1.414144980277449,-0.9452257295974681,-0.897016587497587
1.6360000000000012,1.5896363577630124,0.615460160693628,-4.800781132036094,0.121205483728954,-0.22514147447330374,-0.20201707018062606,-0.40052629888213964,-0.0837310559492098,0.31305973105881885,1.414222135945984,-0.9452899726718658,-0.8970180605889749
1.6380000000000012,1.5270165360091352,0.463919585614878,-4.939655973801033,0.11957219340153304,-0.22170250163173735,-0.2058055626617915,-0.40052742825588994,-0.08370996286156379,0.31307514674486353,1.4141981779015664,-0.9453268419934215,-0.8970708114519007
1.6400000000000012,1.543577279064444,0.4495919063232469,-5.011194755006109,0.12318302819774395,-0.22141480829266705,-0.20259556314267255,-0.40052673794464627,-0.08373294024398262,0.3130698388561703,1.4141593891643514,-0.9452816233679693,-0.8970622039849195
1.6420000000000012,1.662709320194024,0.1432814060667426,-5.082465604535993,0.1239320448544682,-0.2197746890578383,-0.20202002051508747,-0.4005389302871508,-0.08372882369598007,0.3130731698260266,1.4141524059229338,-0.9453335368163582,-0.8970479767912387
1.6440000000000012,1.5096266912318315,0.5398216273509,-5.02180557549161,0.13145489055914628,-0.22255881970598193,-0.1885480194772085,-0.4005252130689474,-0.0837145639034419,0.3130605092383104,1.4141704604139906,-0.9453793077275506,-0.8970599525240721
1.6460000000000012,1.681214720956672,-0.3418697517207729,-5.192414666982166,0.1199644555873094,-0.2213315013795446,-0.21045731433395184,-0.40053175401641306,-0.08372640959459053,0.3130805274799028,1.4141422916580333,-0.9452779715950657,-0.8970673260314854
1.6480000000000012,1.7703807268863523,0.015648240623701515,-5.118037256958518,0.1256659373981824,-0.22235077612414642,-0.20858897031529372,-0.40054473400222834,-0.08373306048546476,0.3130732117899567,1.4141522599570615,-0.9453115968741433,-0.8971011375145245
1.6500000000000012,1.3061488161403152,0.5091443199263799,-5.280250122220932,0.11551930152812515,-0.2195842443907134,-0.19634935095917486,-0.40052794518706236,-0.08373971730316528,0.3130757792066438,1.414211384206184,-0.9452354417695105,-0.897093042902839
1.6520000000000012,1.3925924130779517,0.4165672064290378,-5.258885561987604,0.11932936217380126,-0.2221827918465163,-0.1995571824693809,-0.4005351876415274,-0.08374236643391353,0.3130751084459503,1.4141686819725812,-0.9452922122612873,-0.897041032568868
1.6540000000000012,1.5104674387856383,0.3444913154244976,-4.981585870341258,0.12616396318271508,-0.22203300562458164,-0.200541921984266,-0.40053314540288865,-0.08373591319611033,0.3130876491967313,1.4141468790046474,-0.9453004475013391,-0.8970407688934661
1.6560000000000012,1.6274687404707886,0.15584050191278692,-5.09258675758515,0.12666259090358264,-0.2189673619817719,-0.20583910781183304,-0.4005362884598702,-0.0837321970212554,0.31309930353160764,1.4140565550974655,-0.9452703390888509,-0.8971068157641024
1.6580000000000013,1.723250499239954,0.12614719181744055,-4.968588189711268,0.12339960708167252,-0.21912064325252623,-0.20736733564579826,-0.4005229015652069,-0.0837516988350028,0.3130587436038393,1.414239193304523,-0.9452661748747992,-0.8969749232833524
1.6600000000000013,1.5449779205615335,0.6531463966894825,-5.071727982078554,0.11902667308344118,-0.2163672705433776,-0.19504679895848032,-0.4005412262930579,-0.08372918860311696,0.3130682235699684,1.4141954444386378,-0.9453502759943712,-0.8970557890407792
1.6620000000000013,1.6669879549646156,0.49767414354738315,-4.98387433315448,0.11608354265759832,-0.22094041188720195,-0.20373492758566178,-0.4005175173974871,-0.08372007171354594,0.31308665945771047,1.414159891760091,-0.9452962972012836,-0.8970863694932139
1.6640000000000013,1.4364247555230025,0.7338088970605768,-5.122422958761415,0.10955641067769818,-0.2206283078257891,-0.20524419007093875,-0.4005304779890769,-0.08374757757430146,0.3130963553609252,1.414154490821897,-0.9452153981073264,-0.8970539743806266
1.6660000000000013,1.5929979285396714,0.5467205015918495,-5.151146230850357,0.11090626701291655,-0.21804347519050093,-0.2119042370069172,-0.4005360220218449,-0.0837362899062136,0.31306963687559064,1.4141463933510707,-0.9453525551009437,-0.8970107032845498
1.6680000000000013,1.2368385724635633,0.8957991433933955,-5.154303776510886,0.10872303961013738,-0.21961125430786355,-0.19763287575080374,-0.40053136993493693,-0.0837297119585408,0.3130837144930448,1.414108106268622,-0.9452978785479993,-0.8970466710888398
1.6700000000000013,1.5598963498311162,0.7427592069250926,-4.983486459504542,0.11993447876978576,-0.2175285243564657,-0.1984190165283048,-0.40053336545774254,-0.08372220308997755,0.31307260459137404,1.4141104026160864,-0.9453505319565341,-0.8970794736674221
1.6720000000000013,1.5622172527849327,0.4355242459032066,-4.69083801137542,0.12736217375116762,-0.22249433871899021,-0.19796056599596792,-0.4005311693924166,-0.08374576441205202,0.3130795846798147,1.4141388790771865,-0.9452385630675851,-0.8970218809249316
1.6740000000000013,1.4977836012562247,0.4880774131532105,-4.75185027789764,0.11898450808310722,-0.22470665881708274,-0.19620889035125824,-0.4005251993941272,-0.08372322429115259,0.31306123368905986,1.4141879083581437,-0.9453395064216392,-0.897058205247209
1.6760000000000013,1.5309155560735586,0.6206455837663991,-5.087909092144453,0.11496192660599275,-0.21695868648678163,-0.1981123883654991,-0.40054133606113973,-0.08374161858118528,0.3130670081440929,1.4141657936931782,-0.945324851344831,-0.8970355055930117
1.6780000000000013,1.7357873795126613,0.16978452278007672,-5.032021705309513,0.12092490562063689,-0.21602653352083306,-0.21610064605037488,-0.40052839970022963,-0.08373577150444261,0.3130933685036097,1.4141061931906214,-0.945233997108627,-0.8970559122561846
1.6800000000000013,1.4112453872092283,0.6401068824292725,-5.195611752675594,0.10742271358879833,-0.21834561274112943,-0.20522906458633736,-0.4005294914647113,-0.08371521841715382,0.31307337360093807,1.4141355498600168,-0.9453733741071705,-0.8971214470639872
1.6820000000000013,1.5761839499164674,0.3972139154718968,-5.287277515992341,0.11676119997542525,-0.21761371765891163,-0.2029577124912026,-0.40052519315445667,-0.08374074432025683,0.3130652681570119,1.4141974964779487,-0.9452842183328662,-0.8970046898262535
1.6840000000000013,1.5182166735455336,0.510820391089446,-5.053571742197175,0.12538091942898033,-0.22306295342812832,-0.19800767971900207,-0.40053808765445004,-0.0837337750615827,0.313100454103892,1.4141301336173318,-0.9452531686430913,-0.8970819362837836
1.6860000000000013,1.5734663044007582,0.4011575452094655,-5.08841991141182,0.131564113071386,-0.21504232706285933,-0.20105491754609536,-0.4005199538814222,-0.08373423356045515,0.3130844164477446,1.4141641296927445,-0.9452607143998254,-0.897025028290806
1.6880000000000013,1.382256100940998,0.2353085442442446,-5.1323240559994625,0.12112622645219523,-0.21651237063331483,-0.20165517255448998,-0.40053491660709656,-0.0837111218646307,0.31309144071408335,1.414097069216492,-0.9453198957308175,-0.8970855864325531
1.6900000000000013,1.3984987144885235,0.6495826763580494,-4.733489738533354,0.12229881020124347,-0.22734920999598238,-0.19517110096140514,-0.40053098415751287,-0.08373316226517177,0.3130819720032779,1.4141277296054713,-0.9452956408489269,-0.8970601799091097
1.6920000000000013,1.5149836713127334,0.48736228312362084,-4.911563238847442,0.1192652470024453,-0.2295996167635826,-0.2034038427867157,-0.4005395012549512,-0.08374773971092073,0.3130903227023897,1.4140806190966022,-0.9452473608443901,-0.8970448387391328
1.6940000000000013,1.372795457962667,0.6033646301634893,-5.144069635688586,0.11623993495163315,-0.2239361958395546,-0.20194672587709794,-0.4005370319398792,-0.08372905874623059,0.3130683731118544,1.4141647922983862,-0.9453285401933306,-0.897017101105
1.6960000000000013,1.49210745411511,0.2786617063068026,-5.264526673340677,0.11804123440960737,-0.21845919376617667,-0.20582529699788624,-0.4005436683425835,-0.08373020042601681,0.31307706510203787,1.4141227694919993,-0.9452907649037007,-0.8971405412609896
1.6980000000000013,1.5581404747301555,0.2960006503527449,-4.8474935663384695,0.12748730026857064,-0.22958219140612995,-0.200767546777116,-0.40053407215379844,-0.08374508421649712,0.31309200719300984,1.4140953763500825,-0.9452329446082143,-0.8970498099877476
1.7000000000000013,1.5026172083813756,0.3482427169051474,-5.112253865181068,0.12500037354409393,-0.21661300300672914,-0.1928151585977874,-0.4005385889092465,-0.08373576408814673,0.3130855784152955,1.4141302326563825,-0.9452973308697367,-0.897052808922455
1.7020000000000013,1.6548430990969507,0.4925203057926818,-5.20585683527427,0.11382418428933316,-0.21493316394936554,-0.19443619574036,-0.4005304874046524,-0.08374469195601128,0.31306295081803714,1.4141890739332579,-0.9453126451625785,-0.8969878914619248
1.7040000000000013,1.507731957071829,0.4793113894070311,-4.948245046091996,0.12062190610143254,-0.21785476734061016,-0.19733667308890557,-0.40052009770737074,-0.08373153590252003,0.31306114434132454,1.414251478438401,-0.9452847069784518,-0.8970232452375595
1.7060000000000013,1.3225596628764935,0.5665088173924331,-4.951620920036143,0.117888242325329,-0.22038970563278734,-0.20054391109617223,-0.4005310897346954,-0.08374250521055385,0.31309662350722234,1.4140859633335285,-0.9452245108534345,-0.8970292567190183
1.7080000000000013,1.3617126806799835,0.6968274380444851,-5.240710705598791,0.11207546400030968,-0.21719124624930533,-0.19812561102990095,-0.40053523981416495,-0.08375412688598866,0.3130762587962137,1.4141559579444816,-0.9452856468068539,-0.8970135673663026
1.7100000000000013,1.3447449769605873,0.7926110961344179,-4.9483187435609794,0.11546103956965052,-0.22338220255955,-0.19869006172816728,-0.4005353029067378,-0.08372309011260332,0.31310194612936615,1.4140626776176792,-0.9452882284302987,-0.8970967110571443
1.7120000000000013,1.4794687299276692,0.45276232935566596,-5.187817572741711,0.11776644905890762,-0.21708783563860212,-0.201857397585524,-0.4005299589714415,-0.0837234060281363,0.3130915798162829,1.4141292250898507,-0.9452859386020532,-0.8970816377816437
1.7140000000000013,1.4592927068650883,0.5639612758206588,-5.1095932453995845,0.12488028188968378,-0.21425904267115173,-0.19319258071881978,-0.4005139240040905,-0.08373565011096928,0.3130916836660828,1.4141110041591833,-0.9452537796037354,-0.8970201336439428
1.7160000000000013,1.325806985202972,0.496631731934115,-4.928692472914246,0.12745194511518246,-0.21299872099196573,-0.19369593208032113,-0.40052463962189,-0.08371730165128005,0.31305059748924624,1.4142242979514468,-0.9454073888512526,-0.8970585204405117
1.7180000000000013,1.522034142043245,0.3631163330946689,-4.915272003763242,0.12170728213637191,-0.21769170467559262,-0.19955835050470777,-0.40053260886854963,-0.08373684056330717,0.313099117301798,1.4140515378822531,-0.9452781701403196,-0.8970400939137667
1.7200000000000013,1.5023774760920325,0.5118335546170593,-4.987992770171089,0.11502987855112441,-0.21768858591127957,-0.19931423694307332,-0.40052865104075525,-0.08371140677876823,0.31308330722817007,1.4141255535979316,-0.9453040162530911,-0.8971215851141355
1.7220000000000013,1.3862297914388177,0.478443483845077,-5.086665073464154,0.11187987781284207,-0.2187258642517344,-0.20318476584821404,-0.400529208556414,-0.08373749610665221,0.3130670855136601,1.4142158223521606,-0.9452818365042938,-0.8970365590827223
1.7240000000000013,1.3264451078216315,0.6758399060270217,-5.211497158481974,0.1146929336984709,-0.22114440177926195,-0.19894060920271622,-0.40053385482524256,-0.0837186440391183,0.3130857341058299,1.4141491676505684,-0.9452782165353857,-0.8971009112571461
1.7260000000000013,1.5610554895632154,0.21943634377236487,-4.769987922885365,0.12583042035570824,-0.2271836473026125,-0.20459171259892986,-0.4005372759409213,-0.08373284443347444,0.31308904616639993,1.4140606662595776,-0.9453125477116606,-0.8970673550178527
1.7280000000000013,1.5920570766502224,0.10248081702290346,-4.980921644418568,0.13361271713938722,-0.21686445671153012,-0.20273686158421914,-0.40054222256221206,-0.08374738672977228,0.3130869993684893,1.4141356507465517,-0.9452333864051558,-0.8970645749557842
1.7300000000000013,1.3403310842889549,0.47304434051188604,-5.36872291190043,0.11472396222777932,-0.21456647966655656,-0.19643978088086914,-0.4005242135375166,-0.08373116282984386,0.3130841165258264,1.4141307116749695,-0.9452780547815719,-0.8970445721344259
1.7320000000000013,1.3969253645754005,0.611990899912498,-4.911345953881767,0.11789325711130084,-0.22257176816677093,-0.197297099603995,-0.40053675618692874,-0.08372082177155504,0.31307763025287344,1.4141272236500242,-0.9453045671567011,-0.8970827720665131
1.7340000000000013,1.2236781975233098,0.8974861379286816,-5.211456633606167,0.10764959458275014,-0.21742895438020818,-0.19085791363308785,-0.40053226641285994,-0.08372978899251068,0.3130906209902573,1.4140705113714618,-0.9452875446746541,-0.8970544327744251
1.7360000000000013,1.361868875029698,0.6120367745828572,-5.062199804169367,0.11854213986470272,-0.22023361423494853,-0.20041543957532146,-0.40054196633896366,-0.08374324245504378,0.3130680068848483,1.414140448470988,-0.9452876321589961,-0.8969940671039341
1.7380000000000013,1.3099613004943658,0.43712053320631206,-5.382471273199925,0.11126310291802635,-0.21566045252623983,-0.20382631370420382,-0.40052576666302125,-0.08373209160471502,0.31307815191484395,1.414158332485286,-0.9452626029597259,-0.8970474559411392
1.7400000000000013,1.4621830318616522,0.31929978262230857,-5.1636459310089045,0.12472312123155008,-0.22070053874812567,-0.20035116482656162,-0.4005218871076246,-0.0837274319157119,0.31308952785431643,1.4141016451490862,-0.9452976372051749,-0.8970649036541236
1.7420000000000013,1.512018146926752,0.4644705663839572,-5.463662610613311,0.11618092596502616,-0.2100762948355514,-0.19623107779236368,-0.4005351368242982,-0.08371816994254455,0.313104599613101,1.4140790043471245,-0.9452628791611651,-0.8971168548445838
1.7440000000000013,1.6970528056883942,0.2594703128942667,-4.878984954269056,0.12315148122393106,-0.22144592507540206,-0.20313770221673763,-0.40053738292190744,-0.08374147968660943,0.3130867389776807,1.4141553345278381,-0.9452385718042473,-0.8970825525918348
1.7460000000000013,1.441979128636601,0.805563565076262,-4.72568084244745,0.11840302363770937,-0.2281287363808842,-0.1902683618257792,-0.400532596248682,-0.08373619100372529,0.3130758075181367,1.414168417475683,-0.945281478463727,-0.8970569165427668
1.7480000000000013,1.2949066676241292,0.9829039259543159,-5.149829191515564,0.11076772762020455,-0.2206599740674116,-0.19066323066972934,-0.4005367920120129,-0.083715796702592,0.3130745964274974,1.4141383795433726,-0.9453246996722092,-0.8971178307454726
1.7500000000000013,1.3735704686932428,0.4742012636790007,-5.052252613173945,0.11058992818380761,-0.22461988611024797,-0.2037886657808221,-0.4005212551972266,-0.08372114232948938,0.3130724714830311,1.4141878542321749,-0.9453173733184467,-0.8970728223077484
1.7520000000000013,1.6741273427830814,0.30955504204330364,-5.267479416307872,0.11607279565486685,-0.21477954701617535,-0.2130925669742218,-0.4005425770908604,-0.08374869680647311,0.3130721272347599,1.4142080201505032,-0.9452635960321989,-0.897020195203489
1.7540000000000013,1.4066531379870684,0.8104761956760793,-5.195963265500063,0.11634186090265389,-0.2188080982553715,-0.19606516919013323,-0.40053274092596997,-0.08373533097038247,0.3130828057559856,1.4141659034314853,-0.9452840771987577,-0.897029148053153
1.7560000000000013,1.5519909280305328,0.4731674113895652,-4.793788124071099,0.1299342404809074,-0.22317458012560176,-0.19984948006277167,-0.40053091884742853,-0.08373107206487683,0.31307681601563303,1.4141575303715337,-0.9453282246311776,-0.8970617605791233
1.7580000000000013,1.3910515328336057,0.4452142019217993,-5.117281044875557,0.11745257029613951,-0.21871478455690996,-0.1972317262168647,-0.4005302187062509,-0.08372458089171986,0.31308910433390447,1.4140764164740105,-0.9453049768559626,-0.897109524282482
1.7600000000000013,1.4498750301463559,0.48747160129848843,-4.940301595261362,0.12162046150572528,-0.2168152665397009,-0.20233807866046635,-0.40052636599908675,-0.08372098114728543,0.31307922750589734,1.4141307167055677,-0.9453015121186473,-0.8970672774381361
1.7620000000000013,1.1650697241040053,0.8659250261829893,-5.049677221238741,0.10986000511037246,-0.2233033001461762,-0.19097836069214164,-0.4005420106926893,-0.08374408358143158,0.3130759355078551,1.4141703112749109,-0.945318613004935,-0.8970159482392362
1.7640000000000013,1.2697458689950851,0.640050640236334,-5.289166864177934,0.10568068576499615,-0.21770974006549557,-0.20351632813150008,-0.40051741296430865,-0.083716278090845,0.31309846004997616,1.414110187542402,-0.9452299803443966,-0.8970606652386617
1.7660000000000013,1.4846241604137977,0.44416646019125805,-5.104095037933429,0.1058277563894747,-0.22542763234376623,-0.20605558688151407,-0.4005384081227912,-0.08374493431559744,0.31309269129141065,1.4141495061083535,-0.9452395353815126,-0.8970616842967627
1.7680000000000013,1.3694478642871954,0.5298989834654072,-5.304508716629191,0.11704335599565989,-0.21384778884815533,-0.1998537161973084,-0.40053216568831307,-0.08372639467702178,0.3130637974876718,1.414181517834099,-0.9453541854843704,-0.897080437376972
1.7700000000000014,1.4246522575803737,0.30492981602429875,-4.949991224348533,0.12479577241354008,-0.22233643425266744,-0.19867151148196194,-0.40053163969163785,-0.08373820833988829,0.31307370171592674,1.4141907579537962,-0.9452991726195709,-0.8970458172288629
1.7720000000000014,1.5562462340685634,0.22042424128867605,-5.243551481741394,0.12658099965400715,-0.21439260551007477,-0.19649361716695596,-0.4005266858423784,-0.08373818467434804,0.3130918059317242,1.414071236413827,-0.9452683398710181,-0.8970212888966548
1.7740000000000014,1.472837288617975,0.25957637165283076,-4.959614419674529,0.12138387549883867,-0.22473349080986443,-0.19495732882530553,-0.4005310514497308,-0.08373323180182246,0.31309009274640226,1.4141185163269736,-0.9452551931643641,-0.8970583629613633
1.7760000000000014,1.5627504079456602,0.211116999979802,-5.066522753644891,0.11828734731737778,-0.22340504647521156,-0.20467040091372513,-0.40053426271734055,-0.08372346488881022,0.31308634883042924,1.414135171909984,-0.9452559663364184,-0.8971116082073005
1.7780000000000014,1.342806363878799,0.7160292890352565,-5.209470009395133,0.1122285107335466,-0.22096979897942837,-0.19408250391961288,-0.40053512289814197,-0.08373084836009986,0.3130672799475124,1.414169106954847,-0.9453155285625837,-0.8970436766904158
1.7800000000000014,1.3265496197788238,0.5079606436425391,-4.886898433082515,0.11868769720357371,-0.22654106222714349,-0.19824709951963426,-0.4005270092549268,-0.08373856752510245,0.31309358034481066,1.4140769777642348,-0.9453040629495497,-0.8970409501863303
1.7820000000000014,1.504423613689177,0.5126746995113162,-4.928994768516607,0.126562998980438,-0.2214341358590099,-0.19943744860433374,-0.40053112184899053,-0.08372279273408648,0.31307789495519844,1.4141282919301117,-0.9452897477754185,-0.8970586617417378
1.7840000000000014,1.52626449526853,0.4530963479597143,-4.980660737041307,0.12238569988178821,-0.21772237343644255,-0.1967207972025148,-0.40052791109494473,-0.08371936807276857,0.3130957534301272,1.4140870054878871,-0.9452856836015824,-0.8971250654985449
1.7860000000000014,1.4787386666066045,0.4784524557564482,-5.084524036036821,0.12080149653598582,-0.21770153583127727,-0.19007174704089697,-0.40052616122755225,-0.08374017380131168,0.31309626683303776,1.41409761230957,-0.9451893567537473,-0.8970714542438308
1.7880000000000014,1.4224542526603308,0.4272607148849526,-5.360525042980266,0.12114927429194951,-0.20960258674586818,-0.19545675910335078,-0.40052695583670445,-0.08371103295242716,0.3130899166083835,1.4140974828880368,-0.9453520506722289,-0.897113788890133
1.7900000000000014,1.5257285409414125,0.3953441657513764,-5.109461441410479,0.11299939067372416,-0.21764299024895972,-0.20321495419417032,-0.40053152075704845,-0.08373513894983706,0.31308953151657903,1.4141133864511188,-0.9453031071806541,-0.8970629137437512
1.7920000000000014,1.2230727077820276,0.9522165276183168,-5.097555198661272,0.1106498312820813,-0.22096676343270008,-0.19243902368671365,-0.40052149711013263,-0.08371530364549949,0.3130813571048727,1.4141020170564733,-0.9453395224012248,-0.897075864418184
1.7940000000000014,1.4860534014308655,0.4534810282640397,-5.337481576243193,0.11342266518886052,-0.2125307481581553,-0.20388595574601487,-0.40051925292770635,-0.0836983720115029,0.31309270262771793,1.4140721427275775,-0.9453162812362937,-0.897077440718688
1.7960000000000014,1.3180147031810796,0.42416162482515246,-5.201494101219862,0.11489954087212767,-0.21636207905246452,-0.19770622321443818,-0.4005300798108235,-0.08370505585820133,0.31309608532252964,1.4140752182903928,-0.9453281012403102,-0.8971307971720441
1.7980000000000014,1.4221754017111052,0.4421592406328912,-5.141860266023279,0.11954904930947169,-0.21795623730978095,-0.1958007785613333,-0.4005339019015143,-0.0837251704571903,0.3130888342018492,1.4140799917255749,-0.9452853072945241,-0.8971168443988564
1.8000000000000014,1.5643463597537584,0.3843971179850915,-5.00948032086797,0.12727330153660815,-0.21569544255789153,-0.19749426821960012,-0.4005388891891456,-0.0837225460525585,0.31308096178653927,1.4141603519985537,-0.9453049727475754,-0.897070289191834
1.8020000000000014,1.560904077797679,0.26635281693906554,-5.218316296585904,0.11853134947856168,-0.2140470534297872,-0.20195036740446623,-0.40052630667339584,-0.0837233738483321,0.31308082646567076,1.414150768972465,-0.9452959317261397,-0.8970449836553535
1.8040000000000014,1.4695830605503428,0.37914298463440343,-5.0856714617756715,0.11846851538481758,-0.2191506473113509,-0.20249428751099888,-0.40054237323593955,-0.08373637834757444,0.3131160888888963,1.4140365120256053,-0.9452565724957113,-0.8971147009591387
1.8060000000000014,1.3953000960397097,0.6344294172827374,-5.1404913219830535,0.10633296632842287,-0.22083345264222953,-0.1991459682965626,-0.4005434601135612,-0.08371857238264793,0.313090343526688,1.41406978038483,-0.9452999816723765,-0.8970927157155083
1.8080000000000014,1.3846287327792084,0.5091120932992699,-4.964709993884645,0.11373868475776258,-0.22335462665547492,-0.20660143394416758,-0.4005269897307651,-0.08374207508372097,0.3130675392019073,1.4142087351302903,-0.9452599542412035,-0.8970307714551228
1.8100000000000014,1.4823291599135668,0.3811340452620042,-4.881475071783843,0.12263745830775344,-0.22160262943906728,-0.21084477653742087,-0.4005260218798232,-0.08371514668232728,0.3130874574197093,1.414132750258672,-0.9453029480004179,-0.8971053398841305
1.8120000000000014,1.4522207771175588,0.25887916106540987,-5.1002869293829525,0.1220033727785449,-0.2196360884378152,-0.20698327953561793,-0.40053306514756837,-0.08371799260313098,0.31308798295200563,1.4140875593287638,-0.9453289494865473,-0.8970948085895394
1.8140000000000014,1.461208010485801,0.4754138529656512,-5.510962840113939,0.12018437426094455,-0.20782812281516383,-0.2004976004437991,-0.4005220311661729,-0.08373034538390527,0.31308144668768323,1.4141203003722034,-0.945292225585545,-0.8970363338190653
1.8160000000000014,1.4397822707946437,0.5467689147080985,-5.143271916259949,0.12318946814436335,-0.21707791325260795,-0.19364001350192359,-0.4005345977991956,-0.08371376047934423,0.3130761181833912,1.4141597989878303,-0.9453450308879751,-0.8970761516909304
1.8180000000000014,1.4810049785637132,0.4951585461167103,-5.160640166797335,0.12002423875442927,-0.2179722531633312,-0.1990179323029504,-0.4005187768541433,-0.08373916040012111,0.3130815499452971,1.414174355588583,-0.94526188520588,-0.8970212604871469
1.8200000000000014,1.3758683426219858,0.5067753469950147,-5.1970397130647195,0.11126865449202787,-0.21926671099133108,-0.1982001489781996,-0.40052808209279045,-0.08371875943404672,0.31308312681267175,1.4140868051331825,-0.9452962149268541,-0.8970882172641312
1.8220000000000014,1.37925549100747,0.8160166565124448,-5.165904118842541,0.11466533884012708,-0.2233453265226047,-0.19767876637385728,-0.4005264471280794,-0.08372195067671384,0.3130675895159918,1.4141525262804882,-0.9453014252392166,-0.8970413526233655
1.8240000000000014,1.2521895856025202,0.9155995667457969,-5.1079845424857515,0.11311217746417793,-0.22250529516989676,-0.19478911359826867,-0.40054049184125157,-0.08373173418236043,0.313096655057815,1.41409516113701,-0.9452812086806301,-0.8970594272888672
1.8260000000000014,1.383768420488659,0.46394951393101513,-5.175436799478808,0.12567368362342,-0.21597865914780645,-0.1972505703443302,-0.40052266234331296,-0.08373218988074162,0.31309585158694375,1.4140785738020722,-0.9452322550025675,-0.8970643902957633
1.8280000000000014,1.316948552535809,0.6543777624473797,-4.909980986013355,0.12229475392025169,-0.2250246393333677,-0.18955720494398504,-0.4005271929670615,-0.08373118739446059,0.31307831952277615,1.4141532622385553,-0.9452352046057934,-0.8970600358582734
1.8300000000000014,1.4134188325907007,0.38057832154616567,-5.037006181241065,0.12039828132230965,-0.2176510381595718,-0.1971342773164526,-0.4005313733161699,-0.08373459090100495,0.313067683980182,1.4141996216849124,-0.9453006875382223,-0.8970729106418022
1.8320000000000014,1.2079170435320536,1.0389478117372903,-5.160217867236611,0.11639625594766638,-0.21818276284389193,-0.1845996705800531,-0.4005421683985013,-0.08370834442370079,0.3130885136633163,1.4140657030107893,-0.9453570786400014,-0.8971070966046235
1.8340000000000014,1.2917909564375354,0.4684162928409133,-4.893948049897594,0.11666172612686279,-0.225878425343582,-0.2027087530551785,-0.40053105027590247,-0.08371545366756727,0.3130646290403357,1.4141292857800434,-0.9453538565692355,-0.8970758560181545
1.8360000000000014,1.516356515208086,0.24208284008610687,-5.13536568218788,0.12130214029040011,-0.2199912145595408,-0.2073119028061567,-0.4005306485291706,-0.0837294973460109,0.31310567735107575,1.4140439610312137,-0.9452461603159159,-0.8970948181503366
1.8380000000000014,1.4438613092564714,0.5323695328264515,-4.910099182113314,0.1248921325103235,-0.22227390982045278,-0.19880508642571562,-0.40053439404091795,-0.08372120545257031,0.3130854353004751,1.414055461680862,-0.9452713950253163,-0.8970534020668166
1.8400000000000014,1.4069821146423431,0.40204720168909264,-5.013982018005673,0.11976217215999888,-0.22014130556077538,-0.19783608377648276,-0.4005394964697915,-0.08372634801194276,0.31309227151893154,1.4140790066584739,-0.9453319563577527,-0.8970706494978198
1.8420000000000014,1.6280772291189858,0.3131878790737528,-5.008446976532098,0.12812550858964594,-0.21741721752439536,-0.19881340152001475,-0.4005314105471861,-0.08372496131096899,0.31307934707678886,1.4141097946227195,-0.9453466116641218,-0.8970648684636955
1.8440000000000014,1.4695633048696541,0.19088238299917104,-5.074218277301038,0.12516372655701527,-0.21693982007832255,-0.19950785989999945,-0.4005385919041504,-0.08374256805841353,0.3130682139732189,1.4141916377364003,-0.9452853817724539,-0.8970075923260195
1.8460000000000014,1.5246212997141058,0.4281198062700059,-5.127459063128562,0.11598595951146426,-0.21854137762606513,-0.1986256348546917,-0.4005359224556044,-0.08371731300601379,0.31309322095313,1.4140388397416803,-0.9453283277179897,-0.8971353817195226
1.8480000000000014,1.3432727143097443,0.7446246957569511,-5.04363288147972,0.11907112036168471,-0.2211594363737885,-0.19223920368015665,-0.4005296220566786,-0.08374180934343431,0.3130745908901266,1.4141906205966,-0.9452660866928089,-0.8970456075633539
1.8500000000000014,1.3603415209779275,0.5749180023958828,-4.724399943798699,0.12034496335829213,-0.2288428870632208,-0.19999809348298572,-0.4005387738221401,-0.08373946750797442,0.31307177358714094,1.4141708500124317,-0.9453087529582159,-0.8970584571587868
1.8520000000000014,1.5082218477874645,0.25321072932515953,-4.982353928590241,0.12248736138715327,-0.2200805999379742,-0.20701299332608797,-0.40052854286715245,-0.08373485140195108,0.313092633647553,1.4141496977182255,-0.9452794464308827,-0.8970351305043811
1.8540000000000014,1.4362595767888742,0.4197835827581522,-5.1256250878995395,0.12508432767339506,-0.2194295241042054,-0.19602791972539263,-0.4005284769206232,-0.08372854334710642,0.3130905738690957,1.4141246629955408,-0.9452473674192755,-0.8970348436290932
1.8560000000000014,1.52952985966223,0.46646788667404887,-5.084000508677373,0.12743322086017142,-0.21732928446007163,-0.19491918634959562,-0.40052446483302695,-0.0837176216122847,0.3130793360192515,1.4141285131811936,-0.9452861380921179,-0.8970553523682725
1.8580000000000014,1.6995117904421457,0.1704077177826474,-4.7416635539055285,0.13056821873406366,-0.2223058462433207,-0.2039196025604223,-0.40053336140006207,-0.08373793556561873,0.31307165861929775,1.4141683166324326,-0.9452887977803498,-0.8970309111510401
1.8600000000000014,1.5136183601244877,0.4197741438381066,-4.817992559927453,0.12906712992165512,-0.2192486684234264,-0.19734739664683176,-0.4005484919408109,-0.0837447233989006,0.3130847646132917,1.4141229982254986,-0.9452681057873982,-0.8970471057568752
1.8620000000000014,1.3866600521170729,0.5144376694834889,-5.0641870914722675,0.11980276680760198,-0.22058854384635826,-0.1986351969723919,-0.40053493928797956,-0.08372148652052339,0.3130727919007101,1.414167100496676,-0.9453012126421707,-0.8971084709644532
1.8640000000000014,1.4661783249413536,0.5325480654872286,-5.294725055780754,0.10901274265352234,-0.22181123524153848,-0.20341220749178357,-0.40052523510817506,-0.08373821550710733,0.31307250338169546,1.4142002455663145,-0.9452369669397829,-0.8970685480105961
1.8660000000000014,1.3132375225081387,0.7613321186563833,-5.161988103422897,0.1206918621048555,-0.2205926446667608,-0.1946928423905382,-0.400534659701866,-0.08374255448547066,0.31306574274072485,1.4142284755739285,-0.9453016426854031,-0.8970196785411697
1.8680000000000014,1.289756618206588,0.5582026539909072,-5.003077313095676,0.12073960934354672,-0.22457923648923153,-0.1981306784859112,-0.40052947423813656,-0.08372047490908306,0.313085496979589,1.4141228727368407,-0.9452832833875742,-0.8970630720795731
1.8700000000000014,1.4800473581721503,0.37824509436624476,-5.0733001307681915,0.12924736670682016,-0.21652066040625456,-0.19512240739359815,-0.40053362979440765,-0.08373381814605191,0.3130883482209697,1.4141140470620712,-0.9452778348877423,-0.8970344373569548
1.8720000000000014,1.4356005499458717,0.31588279244914347,-4.903528259065661,0.1250888676767173,-0.22223143511882731,-0.19626602301658932,-0.40053137128277433,-0.08371670630184164,0.3130829783906884,1.414134156408762,-0.9453153249645077,-0.8971006323301566
1.8740000000000014,1.4650601972099504,0.35785450972660315,-5.055360395441756,0.11638734544660378,-0.21902359858177978,-0.2035233270225503,-0.40053493673632035,-0.08372771748454938,0.31308288792289224,1.4141061521485627,-0.9452975607108688,-0.897104787964489
1.8760000000000014,1.4740278036981787,0.6635207019686173,-5.271120151271406,0.11524530634363368,-0.21646246563172764,-0.19752531231928327,-0.4005274807560665,-0.08375173298857821,0.31307381077065466,1.414191818480076,-0.945308333764557,-0.8970184828095736
1.8780000000000014,1.453179000443448,0.48946884748289754,-4.941365793508389,0.1108582844064578,-0.22376206252894373,-0.20567964388281815,-0.4005327977471814,-0.08374053485551936,0.31308594696056846,1.4141142218139406,-0.9452999396783859,-0.8970600537245037
1.8800000000000014,1.3211168390171306,0.7008077390671879,-4.95580779754674,0.11865119451111367,-0.22355337797527988,-0.1992248773920896,-0.40053568823361596,-0.0837412484340058,0.3130821575550568,1.4141298455099458,-0.9453035050634003,-0.8970210713694021
1.8820000000000014,1.5026444710685696,0.5127838676318766,-5.153508753019045,0.12137551404049274,-0.2175804710353442,-0.19504609865901681,-0.40053523418488873,-0.08373363954712816,0.3130669565596706,1.4141668015033468,-0.9452964694150249,-0.8970430533533462
1.8840000000000015,1.665874381500954,0.31523829871456216,-5.06052189786437,0.1207394177557171,-0.2162380252860249,-0.20373744717613884,-0.40053651443688865,-0.08373846019022584,0.31308534265562843,1.4140956362743868,-0.9453284478993157,-0.8970155021899634
1.8860000000000015,1.4722115921502723,0.49305949753907563,-5.07948564275539,0.12132549254488045,-0.21897265052378023,-0.19459697202285395,-0.4005312852682451,-0.08375510882761963,0.3130833835353827,1.4141793021882125,-0.945216335600591,-0.8969829490877147
1.8880000000000015,1.323011117120868,0.6730942306614316,-5.214500214214224,0.11947751442115882,-0.21459005424239874,-0.19435370836060256,-0.4005217005362141,-0.08372915660869962,0.3130961716868279,1.4141206547290566,-0.9452191594286964,-0.8971194350152741
1.8900000000000015,1.4574429551906491,0.4076633665872518,-5.19002781811522,0.11225206309826469,-0.21920145046914596,-0.20415455761715848,-0.4005360297399325,-0.0837247456967672,0.3130813633650906,1.4141275490423904,-0.9453110710243888,-0.8971283711062589
1.8920000000000015,1.3877593480265098,0.6409858599139655,-5.039707654628275,0.11555248435967748,-0.21946148658128747,-0.20358940145604854,-0.4005329274080102,-0.08369893645107272,0.3130895123914763,1.4140842288884496,-0.9453922526086429,-0.8970655288039344
1.8940000000000015,1.1544483909597496,0.9987947293728447,-5.1506285030884325,0.10768715598135832,-0.22448619054066798,-0.19315589603090197,-0.4005313871642936,-0.08373912339321184,0.31307311162428664,1.414132044609574,-0.9452976144713353,-0.896982406506934
1.8960000000000015,1.5202221516992371,0.307260861946649,-4.881652563221948,0.1209584086600321,-0.22323310183773792,-0.20429436436456533,-0.400526513656606,-0.08371541280134577,0.31309531049931044,1.4140668445358096,-0.9453268391315117,-0.897086070203941
1.8980000000000015,1.4596388102130553,0.5073414129924677,-5.021369885756238,0.12902974892557567,-0.2213173375495064,-0.19311424570882357,-0.4005315138438649,-0.0837362308591992,0.31309540245258544,1.4141086471516884,-0.9452423556074635,-0.8970679769774538
1.9000000000000015,1.3473036680807535,0.6286934123387368,-5.165628377243144,0.12171945225465826,-0.21584533147931567,-0.18945256819910897,-0.4005281680331112,-0.0837292189001689,0.3130920548888152,1.4141093398795725,-0.945287388862886,-0.8970898564964218
1.9020000000000015,1.43840955068718,0.3453491158663483,-5.087007038628698,0.11692842741615092,-0.21952984608895884,-0.19816784759984138,-0.4005414750467468,-0.08372527358082053,0.31310784504925826,1.4140579646990978,-0.9452713267115653,-0.8971372165930284
1.9040000000000015,1.5255160467975457,0.44396045770259807,-5.115314782787952,0.12167421977499654,-0.21573947741323238,-0.1999746175275022,-0.40052055679190096,-0.0837385321073036,0.31308328701876925,1.4141346304204516,-0.945279448214866,-0.8970396839936613
1.9060000000000015,1.564844180451447,0.30302686807133555,-5.0191122339298735,0.11343189587837502,-0.22631803968754313,-0.2086884870227861,-0.4005305938528302,-0.08372215502171719,0.31309798096887526,1.4140610413182026,-0.9452688946623352,-0.8970494468056504
1.9080000000000015,1.4745863849713094,0.4611108150607297,-5.113105101791012,0.11539811729308799,-0.2192615789520711,-0.20664115664837326,-0.4005285367711444,-0.08372295059026957,0.31308525207256704,1.414114520182075,-0.9452793076026244,-0.8970589784425897
1.9100000000000015,1.5268582141475853,0.4015087858794062,-4.929857326609304,0.11919754551096128,-0.2256543851432352,-0.20645451135404466,-0.400532745146789,-0.08372217078932738,0.31309366707267916,1.41408459730515,-0.9452728638083275,-0.8970516894897181
1.9120000000000015,1.4473269518637006,0.4806937752403841,-4.886369213304222,0.12333770889717777,-0.2257179328639957,-0.19408786367663758,-0.40052982300899526,-0.08372918282364009,0.3130865884008324,1.414096977888447,-0.9452849366040539,-0.8970497281846617
1.9140000000000015,1.4506777491519696,0.582018701566454,-5.123850464329566,0.12394797489333428,-0.21896535904954922,-0.19326818139297042,-0.4005219220342138,-0.0837001584791014,0.3130898954976042,1.4140465772237438,-0.9453296757755806,-0.8970774162788578
1.9160000000000015,1.6017546533271485,0.12847227262088445,-4.978866396407062,0.1292121814973045,-0.2189147919558332,-0.20295273438133365,-0.4005328223340976,-0.08374417196253442,0.3130868836852048,1.414158491956228,-0.9452430614927452,-0.8970405158611876
1.9180000000000015,1.4340410477744368,0.32776473894476166,-5.156278790431196,0.12363715341995991,-0.21304748360405548,-0.20219968860993254,-0.400519141071085,-0.0837115658958181,0.3130949412098325,1.414056418161236,-0.9453184186099558,-0.8970593651682722
1.9200000000000015,1.3787152637288949,0.6565593534333217,-5.038172105028055,0.11967736001437297,-0.21990952930649332,-0.19841033833682406,-0.4005317515781777,-0.08370746498080234,0.31307344881566995,1.414144486896443,-0.9453608823099656,-0.89709700227734
1.9220000000000015,1.3154895790222225,0.5391656945861403,-5.157079597220015,0.1196207410652015,-0.22000705893566996,-0.1983306786237016,-0.40053180967022683,-0.08372855254165212,0.31309564896640446,1.4140969703767274,-0.9452958766304967,-0.8970843980287527
1.9240000000000015,1.2487016998168445,0.3753918303858198,-5.0949044382419,0.12509362588966086,-0.21972248923241494,-0.19896562249989944,-0.4005426434624232,-0.08371420806931304,0.3130931062910494,1.4140392992975328,-0.9453407312857105,-0.8970786248288825
1.9260000000000015,1.1620804216732545,0.5244814997299647,-5.086665958224652,0.12236367096045264,-0.21861289611959034,-0.19087428171149667,-0.4005318530334247,-0.0837227020322863,0.3130920936932802,1.4141005098102901,-0.9453240439865223,-0.897064726497039
1.9280000000000015,1.2744112643849623,0.604945721319619,-5.188023825371533,0.12373920751748305,-0.21320472430113943,-0.18911569765419198,-0.4005277362765742,-0.08371981779752583,0.3130886084638391,1.414116551901755,-0.9452670003980773,-0.8970336757191032
1.9300000000000015,1.5236453983361171,0.2469397588372953,-5.198736220956706,0.12097742107487545,-0.2126660797880319,-0.19984114353791563,-0.40054226799751724,-0.08373145208878638,0.31307047842788677,1.4141712360905132,-0.9452877450975852,-0.897090059853954
1.9320000000000015,1.0616404657773,0.7652472714800922,-5.121240368619502,0.12077899497342047,-0.21830059393035106,-0.18800658342887422,-0.40053883276292884,-0.0837277866171823,0.3131036874706182,1.41409044034589,-0.9452605466661387,-0.897116518621138
1.9340000000000015,1.5805361271595761,0.2293725792037135,-5.148322982694288,0.12009181147916381,-0.21941156164238812,-0.21033744159283088,-0.4005222332225998,-0.08372793333221211,0.31308524999139975,1.4141256618042954,-0.9452691141414133,-0.8970397269231511
1.9360000000000015,1.3563046547180106,0.5638653804443514,-4.89994159428398,0.12098708729726061,-0.22770493249257168,-0.20260234585970455,-0.40054524416451964,-0.0837480955368812,0.3130842554477608,1.4141171677644302,-0.9452752217696143,-0.89703858308686
1.9380000000000015,1.4802780675603928,0.5066108746769562,-5.026780068681579,0.12141147332355368,-0.22394700455723354,-0.20035230822543337,-0.4005255357284781,-0.08371321812858873,0.31309057225427167,1.414131122168965,-0.9453020141964026,-0.8970918255404254
1.9400000000000015,1.4194737837781086,0.5292140012226405,-5.085239577531492,0.12075389721658011,-0.22188310727863597,-0.1956644629439818,-0.40053456534508164,-0.0837409276048159,0.31307711316600284,1.4141229064284282,-0.9452968975155112,-0.8970391682975031
1.9420000000000015,1.5183051415640194,0.15286043390222998,-5.379238911326464,0.11995657213307541,-0.2098371211639647,-0.19971234582507796,-0.40054795884391386,-0.08371865797314604,0.3130923327511482,1.4140536124034813,-0.945299863120977,-0.8971081047231324
1.9440000000000015,1.3727714218045188,0.7172967836748159,-5.150866587568602,0.12312138715844909,-0.21707809188517185,-0.18772406341198192,-0.40054148349620544,-0.08373689025639333,0.31307167334167213,1.4141381909160884,-0.9453013420759052,-0.8970249005133171
1.9460000000000015,1.301435608870285,0.5035833852534001,-5.14930341431152,0.11268701477194357,-0.2202993655449773,-0.19565290954825507,-0.40053304663503236,-0.08374910230641519,0.3130843033369048,1.4141474193476704,-0.9452347384168092,-0.8970343996244667
1.9480000000000015,1.2853949052444902,0.8368992313561712,-5.131304962811498,0.11882420414737835,-0.22021850163604115,-0.19085667107730814,-0.40053466808410837,-0.0837201217989719,0.3130836886408392,1.4141249093195503,-0.9453179523897792,-0.8970629803810701
1.9500000000000015,1.3257749242306418,0.5649337958204869,-5.221466242381026,0.11912953881796057,-0.21586296139424152,-0.20221115115581142,-0.4005241476064778,-0.08374144597920324,0.31307186829983513,1.4142266654283777,-0.9452572288125641,-0.8970375927235797
1.9520000000000015,1.506209560818344,0.5006349711950883,-4.914071532273049,0.117634376353764,-0.22558898341579936,-0.2049499686847079,-0.4005437064762429,-0.08371156694776663,0.31310037075914954,1.4140256210835322,-0.9453306422103017,-0.8971300720540144
1.9540000000000015,1.5952288218070454,0.34024670455374767,-5.1684413097840425,0.11328876810443568,-0.220901671055199,-0.2043151147224023,-0.40053169811315303,-0.08372709716479029,0.3130986905837901,1.4140686873500885,-0.945268665434633,-0.8970849956850401
1.9560000000000015,1.5677358193514177,0.40831824380905435,-4.943681869921587,0.12495117165156036,-0.21964656464236748,-0.19639610380914374,-0.4005418771564778,-0.08371803665346936,0.31307881820678335,1.4141412860470373,-0.9452718115828249,-0.8970916499125303
1.9580000000000015,1.724329880803785,0.20177332167789513,-4.959724906004382,0.13110310877355688,-0.21514079722079374,-0.20361797053715083,-0.40053724996146656,-0.08370213327272347,0.31308323164539803,1.4140865509169736,-0.9453747416916511,-0.897133997873993
1.9600000000000015,1.5509642511271977,0.4778545687276865,-4.848788680775416,0.12662046756265727,-0.21905941710243435,-0.19715294319725524,-0.40054212363997854,-0.08373295349612506,0.31307809809928305,1.4141592177380866,-0.9452672179537002,-0.8971397084004704
1.9620000000000015,1.3579497016391002,0.475449384814883,-5.061850648976837,0.11716751817327435,-0.22052086771105736,-0.19793476789215472,-0.40053072842106785,-0.0837389893958868,0.31309374743891305,1.4141228175636031,-0.9452775171582661,-0.8970310086888617
1.9640000000000015,1.3603121390816637,0.668425641605325,-5.160089623282519,0.11553387846885439,-0.2186597408412048,-0.19643312670443852,-0.4005378349560301,-0.08373895188159919,0.3130737216834032,1.4141492931592843,-0.9452882088172749,-0.8970344134385293
1.9660000000000015,1.31571805129603,0.623202849646121,-5.286458188005034,0.11081014071375891,-0.21514045928515632,-0.20406874895887067,-0.4005385318185486,-0.08372594359729534,0.31308156136347975,1.414135372521146,-0.9453034381741059,-0.8970720840134817
1.9680000000000015,1.3567264177878662,0.4484623030458563,-5.086251802111703,0.11803894207502165,-0.22033273743718598,-0.19658302914365827,-0.4005242360017409,-0.08371628863547864,0.31307392302973286,1.4141458882340094,-0.9453273548643324,-0.897071989927476
1.9700000000000015,1.3450386243069101,0.6135920210045077,-4.915548022956895,0.12572074319298301,-0.22233880699845027,-0.19011535137438176,-0.4005339812244743,-0.08370611336195949,0.3130701323869701,1.4141179860499722,-0.9453238986680398,-0.8971262369506536
1.9720000000000015,1.2580124716703145,0.5360269358493912,-5.186815204879018,0.12503237191726774,-0.2160387499090857,-0.1915706759545761,-0.40053986447552686,-0.08374495617714076,0.3130931056932294,1.4141087621546748,-0.9452564762274264,-0.8970676893696651
1.9740000000000015,1.2598033652741842,0.38065116240968905,-5.251638050358707,0.1163419070588958,-0.21315527757687094,-0.19847582005947695,-0.40054054761863334,-0.0837498031758996,0.3130848896435845,1.4140966535069088,-0.9452984687856315,-0.8970380851740707
1.9760000000000015,1.2812228777606287,0.5898394585990163,-4.928373092306488,0.11934069372016161,-0.22269909483494973,-0.20473468975677306,-0.40052756485518454,-0.08371371758760897,0.3130680165550734,1.4141395825573448,-0.9453682794117657,-0.8970953522479984
1.9780000000000015,1.3918143407640797,0.4387288812466258,-4.937777564787082,0.11905858266186646,-0.2233056234962747,-0.20377651463004673,-0.4005327173509096,-0.08372080781136454,0.3130576895055856,1.4142126613430892,-0.945329592707282,-0.8970272796518447
1.9800000000000015,1.4072784006664218,0.39215712709735995,-5.136409941521685,0.11324751523193928,-0.22530958577017082,-0.2012005664900373,-0.4005208352047626,-0.08372552318126203,0.3130729044720384,1.4141220977485596,-0.9452788241881097,-0.8970488920416078
1.9820000000000015,1.4007530590776944,0.3433835157926648,-5.190837321486857,0.11927367511822888,-0.22210892269681273,-0.2004626898948024,-0.4005402203882758,-0.0837135941462456,0.31309654282131755,1.4140423802696271,-0.9453274416477111,-0.8970984621099238
1.9840000000000015,1.512384463172682,0.24388707097459728,-4.990622395642481,0.13137550448434895,-0.21811487337251206,-0.19887505528135369,-0.40053037668272284,-0.08372964288275672,0.31306219776362604,1.4142230090870738,-0.9453151450598968,-0.8970312662960692
1.9860000000000015,1.70431420063039,0.1567358697860679,-4.8859606799260655,0.13318253941774777,-0.22162117912446225,-0.20143856440412858,-0.4005325035656555,-0.08372273566131962,0.3130885929739535,1.4141227307314173,-0.9453013981879521,-0.8970783295105392
1.9880000000000015,1.341366999895797,0.5053067825959244,-4.995110875981988,0.12586446461481499,-0.22193029531448377,-0.19527670732581487,-0.4005322279873047,-0.08372237709849428,0.31309775155233177,1.414038000978617,-0.94529127855523,-0.8970882224661961
1.9900000000000015,1.4217768498831695,0.3321400315347491,-4.879719535393402,0.12314568386940625,-0.22211965088916225,-0.20116093920355582,-0.4005262012899095,-0.08370935605252147,0.3130747810453996,1.4141576631676027,-0.9453371093732398,-0.8970840755394679
1.9920000000000015,1.5446148359398408,0.31650206614456927,-5.438510233993879,0.11045654071176453,-0.21205384096136912,-0.20856900388130403,-0.4005312425135892,-0.08371191350528018,0.3130858287706201,1.4140845444177996,-0.945361247957453,-0.8970562383273383
1.9940000000000015,1.522293588049478,0.3741350690111802,-5.199368852263658,0.11022760914262857,-0.2205264485743201,-0.20626962799133197,-0.40054036289389194,-0.08371665484332914,0.3130661343525022,1.4141756173762994,-0.945334062963834,-0.8970836107879359
1.9960000000000016,1.4502317604624886,0.3371072643211511,-5.290434876475813,0.11786217522484194,-0.21633347346367865,-0.20278863514379972,-0.4005113811910391,-0.08374860813874689,0.3131020651729424,1.414071947031432,-0.9452012796997045,-0.8969910675197549
1.9980000000000016,1.5524752705554987,0.4980326721812156,-4.881753418687785,0.1248078360873825,-0.22200350964622298,-0.19900232158186812,-0.40053064500873664,-0.08372195076757588,0.31305739467503585,1.4142041622557164,-0.9453255150890557,-0.8970679325636318
