Timestamp,FX_Base,FY_Base,FZ_Base,MuX_Base,MuY_Base,MuZ_Base,TCP_X,TCP_Y,TCP_Z,TCP_RX,TCP_RY,TCP_RZ
0.0,1.9945862331295632,0.10737731173833154,-5.0323987025442865,-0.17815619514972955,0.4152857221087977,-0.04044711181054584,-0.39856672165199597,-0.08693440041098881,0.40284386980730796,1.3867233764085891,-0.9206211539148218,-0.9015564345764311
0.002,1.6707611264910112,0.7038454240837015,-4.507651476344056,-0.18192911129407427,0.4031884829637402,-0.03436558761773555,-0.3985568949494711,-0.08691285994094679,0.4028586906726119,1.3866768605211566,-0.9206111008344152,-0.9015926266242131
0.004,1.7921856598937933,0.24912999357084542,-4.001005682094191,-0.17701492788015002,0.3883922013260849,-0.049170071073348726,-0.39856571883325964,-0.08691593337456248,0.4028423664596988,1.3866850932891628,-0.9206477531251578,-0.9015968227471115
0.006,1.4547020196449942,0.44738430969917403,-4.455233916251019,-0.19585669347494036,0.3888734867031925,-0.04075639659481519,-0.3985599211831811,-0.08693118735826479,0.4028368548707557,1.3867245782182394,-0.9206003413477393,-0.9015582332681681
0.008,1.2538066913707044,0.3388363700672787,-4.108228970128713,-0.18502645048990574,0.38328651909214273,-0.043124820148029465,-0.398561297892728,-0.08691838412222933,0.4028618446605689,1.386613917713804,-0.9206143226004053,-0.9015928092820845
0.01,1.2977537493037135,-0.09125323000719082,-3.681761119018767,-0.16807204829203037,0.380594645710916,-0.046142445343154155,-0.39857504037109126,-0.08692354920752272,0.40282139075678414,1.3867274784822075,-0.9206461446819482,-0.9015901885976286
0.012,1.784602265763916,-0.5076512260924445,-3.586700428746549,-0.15315528438694048,0.39035133784507703,-0.04028378891173739,-0.39856628080037904,-0.0868996175567316,0.40283294083396803,1.386631516504735,-0.9206465919217344,-0.9016425851775594
0.014,1.9593339730525594,0.10571145146911076,-3.607213422552895,-0.15085567625321078,0.41127175508190483,-0.020565631631149533,-0.3985574306155718,-0.08693075693592128,0.40282628298998535,1.3866543278940222,-0.9205791262916163,-0.9015426711836931
0.016,2.3347085380491723,0.32851192376891114,-3.188796827518188,-0.17866274377430916,0.4308733757754911,-0.02588659345905998,-0.3985621198465547,-0.08691872635466026,0.4028123315744945,1.3866347663112168,-0.9206252837101951,-0.9015876391766792
0.018000000000000002,2.2102937457768843,0.7637924443117076,-2.422274139149006,-0.21120195095277655,0.4354387435078054,-0.041716504971312095,-0.39856695715641055,-0.08693698201955635,0.40279185713791765,1.3866620182051277,-0.9205732546530897,-0.9015507635541283
0.020000000000000004,2.2502534435280523,1.1330717589871706,-1.7752500943547165,-0.23021995322214023,0.43939919625302487,-0.03898886795258732,-0.3985636575878282,-0.08691695367047708,0.40277873999690433,1.3866380518947377,-0.920617150738945,-0.9015777371970678
0.022000000000000006,2.347978827498019,1.002461678865789,-1.4238930512902508,-0.23292105224661533,0.4517272338106165,-0.0450687773754619,-0.3985702179511636,-0.08693479737291876,0.4027898707566544,1.386562889362471,-0.9205714065315249,-0.9015850538279596
0.024000000000000007,2.19294586835467,1.1556626363741758,-1.232218166282589,-0.22336082689424744,0.46280741157523153,-0.039056987880494845,-0.3985550432801211,-0.0869095380394816,0.4027541260809215,1.3865773495413474,-0.9206011673818048,-0.9015975722531673
0.02600000000000001,2.1465061679229525,0.7273163451398191,-1.2825892076912386,-0.20517094680222456,0.46272319543481305,-0.04811782475448959,-0.3985568677280683,-0.08691329889125413,0.4027386530423923,1.3865682289743304,-0.9205977021953243,-0.9016179278823572
0.02800000000000001,1.9082613620452973,0.48060028516827275,-1.7747146463768115,-0.1929029763895076,0.4524540773743194,-0.03736061322720887,-0.39856109108231924,-0.08692291785885045,0.40272499553735597,1.3865762578036078,-0.9205799245953225,-0.9015995350035205
0.030000000000000013,1.495497333826378,0.8830895599254648,-2.2860085816342446,-0.18763185963458853,0.43021586862600397,-0.027497865452325118,-0.39856461490608874,-0.08692923311215633,0.40268975689859643,1.3866156965048337,-0.9206091846722397,-0.9015808445032197
0.032000000000000015,1.3838136220332535,0.7561081649836244,-2.7259381639020837,-0.1985293061854422,0.416694667825006,-0.04331317677692368,-0.3985540048283134,-0.08691795227691863,0.4026664447636251,1.3866363390220626,-0.9205877290353223,-0.9016072895569385
0.034000000000000016,1.3084782342060914,1.0477580984305424,-3.3718498834522475,-0.2014996942496326,0.4042441617108953,-0.04237557173981227,-0.3985640109113129,-0.0869271577379854,0.4026362071219659,1.3866442692880572,-0.9206350323013842,-0.9015827494239212
0.03600000000000002,1.4000139324937542,0.6585302899451695,-4.051991643927278,-0.19909006254478684,0.40286326203242984,-0.033966575713429106,-0.3985541927924334,-0.08692186196702911,0.40260724994997005,1.3866302406285147,-0.9206286867849774,-0.9015658822640203
0.03800000000000002,1.531976214340914,0.5612784093265231,-4.048544382964825,-0.183493693729687,0.39018816212630586,-0.02776032720354539,-0.3985567928671127,-0.08691398172354427,0.4025759002183974,1.3866500416994554,-0.9206288951192971,-0.9015899529294155
0.04000000000000002,1.565742144814131,0.21140624515713058,-4.188831258676604,-0.1734517364678878,0.3845062551871017,-0.02837754688921738,-0.3985505006410313,-0.08692453648913707,0.4025367489091637,1.3866806030868235,-0.9206216617290457,-0.9015669367808408
0.04200000000000002,1.6508977362412973,-0.22067312631955704,-4.870146825857907,-0.15834214617706635,0.39058056800865903,-0.02674157527325128,-0.39856397341344807,-0.08691164941190499,0.4025292632495278,1.386619193435135,-0.9206170954747157,-0.901632470969519
0.044000000000000025,1.7784159028060107,-0.3968286302190106,-4.860796642641995,-0.15310837870541721,0.38488872764808735,-0.03576304019164139,-0.3985370726665908,-0.0869125111326558,0.4024919336483532,1.3866233361796931,-0.9205546980746465,-0.9015999815394322
0.04600000000000003,1.522090023487991,0.10791673085291675,-5.128241141539743,-0.16632585709612902,0.38208428990565313,-0.02931159014593719,-0.3985448276943015,-0.08691895190659424,0.4024537983630624,1.3866108113842759,-0.9205815007291437,-0.901551752311821
0.04800000000000003,1.523383002334768,-0.2514110526590898,-5.0258154366991805,-0.16747499454380738,0.3774182158973305,-0.04941411664683456,-0.3985398692514165,-0.0869059076315617,0.4024252089565793,1.3865672861091307,-0.9205633453376363,-0.9015780679718808
0.05000000000000003,1.4766640566101388,0.3150142768032542,-4.8562776072718385,-0.17477533340466728,0.3797632072654916,-0.03640283130082278,-0.39854345266926405,-0.0869079245581337,0.402394921253478,1.3865083734903862,-0.9205908770765708,-0.9015936565445483
0.05200000000000003,1.4103143098074566,0.3848089361531417,-4.668510953839233,-0.1809833598981172,0.38957254260850227,-0.04640631361228492,-0.3985336348343528,-0.08690796076691097,0.40233872037187723,1.3865615496611712,-0.9205736032321187,-0.9015863082135519
0.054000000000000034,1.6798447371835674,0.25883009999857,-4.042495155719308,-0.18202364252730083,0.40181679774662804,-0.055813772098795386,-0.39852548270802035,-0.08689942901364553,0.4023163620607928,1.3865171769296798,-0.9205655507261526,-0.9016221901657
0.056000000000000036,1.7845416111254244,0.48936855330672463,-3.5108328116454732,-0.18186062701749867,0.40848910203167427,-0.046336531871394936,-0.39852505908687236,-0.08690457723833703,0.4022796610694622,1.386499828016168,-0.9205150128017969,-0.9015911002316981
0.05800000000000004,1.910715065744745,0.35032911304773007,-3.111284218678534,-0.18234492614589992,0.421334363693009,-0.03932675150652342,-0.3985184196732177,-0.08689157732271718,0.40226013845783154,1.3863787604038142,-0.9205040793270173,-0.9016289538988429
0.06000000000000004,1.868526771861428,0.7045158043593107,-3.088538895651721,-0.19690346921675222,0.440591026454801,-0.03457280314181245,-0.3985196949860465,-0.08689628524123605,0.4022100842639364,1.3864128262975433,-0.9205208727580452,-0.9016213481062761
0.06200000000000004,2.057260313866332,0.6576605014327551,-2.8717220220132598,-0.20455640912476958,0.4439476521966016,-0.04369096782606445,-0.39851136911714213,-0.08687832208803443,0.4021559296852211,1.3864300948832229,-0.920520155892728,-0.9016267690935422
0.06400000000000004,2.2236696235104305,0.3755591149533697,-2.981446873457125,-0.20734061074144583,0.4305128474562222,-0.0413118724572297,-0.3985081414623731,-0.08687003184350588,0.4020834857198179,1.386355778295783,-0.9205536127356339,-0.9016527980114422
0.06600000000000004,1.9611054638870624,0.6705764680421161,-2.6360963678918865,-0.20578205305965197,0.4235267868183254,-0.03672239118580471,-0.39850472798284337,-0.08689093994810156,0.40203105468333267,1.386424877463686,-0.9204776530149157,-0.9015923118623395
0.06800000000000005,1.9807264088981804,0.4625900137609545,-2.7599196299160513,-0.19513751447991157,0.428030614667446,-0.0386427707969321,-0.39849805001725097,-0.08688045657277547,0.4019737312444663,1.386412195955329,-0.9205278720749456,-0.901616635603946
0.07000000000000005,2.053808020031925,0.7169135549747163,-3.2754071324314933,-0.1928858629342392,0.44501093388232077,-0.03409242376777548,-0.39849243883770175,-0.08685704962345259,0.401892441598042,1.3863875843394935,-0.92053111983778,-0.9016468208335408
0.07200000000000005,2.1672601183049327,0.41469034379583963,-2.6277815505116404,-0.19829794405704423,0.425077199071118,-0.04030888119442689,-0.3984931747121618,-0.08687234236743555,0.401837249837704,1.3864157318219579,-0.9205231234872309,-0.9016237817541752
0.07400000000000005,1.9130432521941343,0.6259572597783749,-2.68730846431966,-0.1980588770289958,0.4239743004027884,-0.03965313875768262,-0.39849685158192527,-0.08687588465269022,0.4017842421134194,1.386384370766061,-0.9204995090828798,-0.9016207230219777
0.07600000000000005,1.728942846681699,0.8783899472816981,-2.8002137886454355,-0.19918078151062488,0.4209578124501751,-0.03916818521834601,-0.39848769735159756,-0.08685292719577081,0.40172514361160655,1.3863932389985247,-0.9205389856604181,-0.9016423350672849
0.07800000000000006,1.6053708502644337,0.9787998190911118,-2.98832311267635,-0.20314138076078728,0.41584488233402406,-0.03852247091179035,-0.39847440779245114,-0.0868643119100916,0.40166904767768585,1.386416874012129,-0.9204966895265346,-0.9016325052908978
0.08000000000000006,1.3509427337567212,0.86586884805566,-3.2699337788237304,-0.1988511069248327,0.39853579211314966,-0.03700757832634696,-0.3984904495982149,-0.08685280816510366,0.401611915096556,1.3864004687942784,-0.9205463250626263,-0.9016570024365955
0.08200000000000006,1.5585397454675962,0.2641904651808936,-3.3435694418021287,-0.1873840505857223,0.39623387260707815,-0.039089806525677534,-0.39847846731161357,-0.08684012377010035,0.4015430733596455,1.3863699497264024,-0.9205777338939362,-0.901676840143956
0.08400000000000006,1.4316884529305554,0.6724003000590973,-3.344128389933077,-0.18221283907956526,0.39899158278969027,-0.035395087700889484,-0.39848406945998305,-0.08684779135110868,0.4014833514532442,1.3863534481365638,-0.9205286982155358,-0.9016637959419818
0.08600000000000006,1.4810435196602922,0.63242521544375,-3.3484361225982417,-0.19958926339498842,0.4088351096787154,-0.042244203342955235,-0.39848694003412016,-0.08685785858484461,0.4014208241497913,1.3863624141077207,-0.9204906639336901,-0.9016462616676878
0.08800000000000006,1.9734386800477774,0.5081085533533334,-2.7989356122965243,-0.1998700039775972,0.41601378072917294,-0.0429518669437452,-0.39848694003412016,-0.08685785858484461,0.4014208241497913,1.3863624141077207,-0.9204906639336901,-0.9016462616676878
0.09000000000000007,1.9734386800477774,0.5081085533533334,-2.7989356122965243,-0.1998700039775972,0.41601378072917294,-0.0429518669437452,-0.3984819743124286,-0.08684425349340176,0.4013633531073675,1.3862905408218633,-0.9205035935852814,-0.9016930173075816
0.09200000000000007,2.173035937263541,1.0141226721067402,-2.5149161720828705,-0.21931745180670217,0.4383102105530742,-0.022006719307268066,-0.3984777582429523,-0.08684522303556035,0.4012833169928195,1.3862848332039361,-0.9205137135289149,-0.9016823135022577
0.09400000000000007,2.6656479311897936,1.2836986995235082,-2.0317992713040796,-0.23878820751556995,0.46420511994382596,-0.03443744614480148,-0.39847935086092123,-0.08684584608127233,0.40120904460632695,1.3863288039460084,-0.92047261148178,-0.9016777756485632
0.09600000000000007,2.886715407509925,1.164622073501853,-1.5107630227838982,-0.23742643571202846,0.4862342825551337,-0.04645594853351632,-0.39847803008737115,-0.08683633639466781,0.4011446190135667,1.3862799754212778,-0.9205063034106815,-0.9016900642108245
0.09800000000000007,1.766866771656208,0.4262944351719914,-3.7955981946987283,-0.20123118226828063,0.40660997401351884,-0.04499845035644788,-0.3984831118846905,-0.08682722863900856,0.40083293818895904,1.3864321633857484,-0.9205857977458167,-0.9016917287745186
0.10000000000000007,1.725674341598334,0.08854706750408181,-4.449490921734393,-0.18570838963149058,0.40236154708733574,-0.049608415362093865,-0.3984928019423739,-0.0868320999994252,0.4007387899762192,1.3865100833201525,-0.9206244250772556,-0.9016926585834376
0.10200000000000008,1.2286112953413735,0.06851536298635375,-4.671192512978384,-0.16834357053925697,0.3728002835848186,-0.04822915394884825,-0.3985021609358729,-0.08683513551043312,0.40065188987667616,1.386520277235654,-0.920674837595043,-0.9016851866380275
0.10400000000000008,0.7766869533740115,0.2787552625778364,-5.165323690609732,-0.1618571302458302,0.3541690410772752,-0.035287374578101036,-0.3984900713740694,-0.08682127899144587,0.40057842065219496,1.3865015336941948,-0.9206469903568107,-0.9016700905466833
0.10600000000000008,0.6060109588549154,-0.4589418111946807,-5.126540647543229,-0.15173667671362806,0.32641407742758954,-0.037010576179885235,-0.39850141809395434,-0.08683667990480656,0.40049467195422417,1.3864873298649605,-0.9206105052322952,-0.9016462799408873
0.10800000000000008,0.8698000656993216,-0.7131505457486318,-5.307147202494128,-0.15634413626638047,0.33656838684969764,-0.025601062883941175,-0.3984921725435223,-0.0868149084839806,0.40042071651654465,1.3864753625079238,-0.9205985448830875,-0.9016945686016633
0.11000000000000008,0.8845128258708631,-0.1510074351704498,-4.596673891709305,-0.1649253978952409,0.3536190256131372,-0.014125258639316109,-0.39849036529518844,-0.08680500167824699,0.4003402406629355,1.3863653152054543,-0.9205938738040844,-0.901728855314017
0.11200000000000009,1.627971689747214,0.017041038005739195,-3.990052589303025,-0.19233495141758414,0.38978820601661746,-0.016753636915816498,-0.3984882199495606,-0.08682242357066164,0.4002452356410944,1.3863812338013135,-0.920538339167796,-0.9016925210831733
0.11400000000000009,2.0840408992747093,0.08879319925491425,-3.1261237918305236,-0.2117644568003015,0.43149021357737544,-0.026992874113262993,-0.3984839722614269,-0.08681339059910015,0.4001468459339689,1.3863654349083117,-0.9205456429312703,-0.9017020707947564
0.11600000000000009,2.665756643101917,1.2169415516728759,-2.0116432762664647,-0.24016222768982975,0.4690601885114542,-0.020053983724045148,-0.3984857075483269,-0.08679065260709559,0.4000603321245561,1.38631777654044,-0.9205714102461872,-0.9017615714204702
0.11800000000000009,3.051576505163778,1.6232413619313002,-0.9523744708786355,-0.2710546449505632,0.5011804995431396,-0.035247087614918564,-0.3984880272235535,-0.0868037996798183,0.39997518581374186,1.386252533039015,-0.9205758810864078,-0.9017419094084856
0.12000000000000009,2.97371389455511,1.7998532688191804,-0.9384456480009616,-0.2884504970570475,0.5205503465393182,-0.046398973804711044,-0.3984903799755588,-0.08679002731320126,0.39988741153207363,1.3862835784817336,-0.920572595496068,-0.9017918381053507
0.1220000000000001,3.046167999203698,1.245289204761666,-1.5086369885817175,-0.26858145910106945,0.5063892200427531,-0.05714402428722136,-0.3984876621152229,-0.08681392238353328,0.39978296555687715,1.3863245214854905,-0.9205277746074212,-0.9017131646280688
0.1240000000000001,2.4336429734408567,1.3478889765026936,-2.1606087130813267,-0.2533405977898825,0.469054818850209,-0.05751110711727713,-0.3985000223188949,-0.08679150152510204,0.3996849903340907,1.3863791266476042,-0.9206226103744833,-0.9017686691610366
0.12600000000000008,1.438978156207664,1.213623266518697,-3.7507445092633107,-0.23120176388475683,0.4282190798396827,-0.052496185004868155,-0.3985064122248603,-0.0867857248245883,0.39960087289482255,1.3863706800711166,-0.9206012241459781,-0.901807945568321
0.12800000000000009,0.8692039529205294,0.32985295606868903,-4.967597482359699,-0.1828783830152944,0.35705883642558806,-0.05047659997018535,-0.3985088644994347,-0.08679634384461435,0.39949318066477124,1.3863801208827264,-0.9206187941930286,-0.9017749608676576
0.1300000000000001,0.5088406256442828,-0.7904404949508502,-5.770148349272331,-0.16503619282861443,0.31152553147514095,-0.05067551390679082,-0.39851667406673463,-0.08679142840934018,0.3993828299763276,1.3863851126230684,-0.9206890068943272,-0.9017842104590996
0.1320000000000001,2.332439315321764,0.12395589299212162,-3.382488666644063,-0.23059620042459342,0.41516812168686407,-0.021279764896264673,-0.39850756696297795,-0.08676588398756375,0.39909040751932484,1.3863108811285914,-0.920644521469954,-0.9018321345680854
0.1340000000000001,3.0946918094162097,0.6582156695385857,-2.170348684780734,-0.26524001799476676,0.480808986733062,-0.024625672333108486,-0.3985176668513061,-0.08676260363135269,0.3989863734025327,1.386282125938289,-0.9206459811410018,-0.9018436381471912
0.1360000000000001,3.2615447238790307,1.2408164034101723,-1.3771180846134512,-0.28877329676403873,0.5113321763816467,-0.031113415300859114,-0.39852562517696805,-0.0867551180809536,0.39887500116829383,1.3862818888546926,-0.9206929429595226,-0.9018554971024734
0.1380000000000001,3.0931712816498553,1.5433533282989618,-1.375388395158253,-0.304844255126288,0.4912903592093536,-0.03272522928390597,-0.3985196383475955,-0.08676294487432286,0.3987706275108596,1.3862924850888856,-0.9206466812256435,-0.9018472524243433
0.1400000000000001,2.5535040945970877,1.4000384248195714,-2.341759775621009,-0.29021262269528736,0.47034140455206863,-0.04179727648096346,-0.3985383524395939,-0.08675145237914302,0.39864450560324166,1.386323359187782,-0.9207526375275557,-0.9019052633887116
0.1420000000000001,1.480028943683584,1.2390662455765282,-3.5348598894828314,-0.26823255546178854,0.4224448174960477,-0.05420282837441747,-0.3985427887561904,-0.08675653526195162,0.39854709521175147,1.3863197100524758,-0.9207112077062367,-0.9019081292472052
0.1440000000000001,0.6938577114777628,0.7617392392513633,-4.601369560947314,-0.2489334086970127,0.36286353935333304,-0.06274180856156555,-0.39854760620524604,-0.08675637165311373,0.39843115706187493,1.3863514465520346,-0.9207406555861258,-0.9019270082139139
0.1460000000000001,0.4082051298576524,0.20314027906568344,-5.50698316754124,-0.21813687936664006,0.30786162980102005,-0.07722519309068457,-0.3985596082293047,-0.08675563971085674,0.3983159640317587,1.3863605777296582,-0.9207699733971244,-0.901901540847228
0.1480000000000001,0.1593496681687931,-0.00911971277113673,-5.1585929306946445,-0.20741942144828027,0.3010666068400757,-0.06432753020780015,-0.39855860772285,-0.08674907125285629,0.3981920942240036,1.3864082139203906,-0.9207850525864288,-0.9019184044897275
0.1500000000000001,0.7183874788693788,0.0681165823889143,-4.490224771791339,-0.22160755650554864,0.3286926684544631,-0.06174929499677498,-0.39855999280910365,-0.08673968676089527,0.39806442055919117,1.3864389191989097,-0.9207934381313124,-0.9019388461322244
0.1520000000000001,1.4328755831273239,0.04610387632305707,-3.8525215251883553,-0.24771890079423706,0.3728901400877273,-0.04834243436240218,-0.3985684052936856,-0.08674733696876577,0.39794134172732654,1.3864207636053576,-0.920821113994484,-0.9019273300793433
0.1540000000000001,2.176535711887957,0.21470477573959434,-2.7650524644260215,-0.26554208133123225,0.40476400289378484,-0.02986308729972699,-0.3985697080128453,-0.08674934474781472,0.397844479131173,1.3863584625797087,-0.9207309138630724,-0.9019248265838526
0.1560000000000001,2.3279609068239018,0.23382612806278702,-2.4256821542019185,-0.29292464772820126,0.4251696951987055,-0.029536493251621693,-0.3985790324159265,-0.0867316087586163,0.3977230485694704,1.386347779362636,-0.9207959681015525,-0.901955206003747
0.1580000000000001,1.9822044982671367,0.403245798768994,-2.9510031735040334,-0.27604317223052294,0.42320876736552165,-0.03000016426649492,-0.39856335980973717,-0.08673405036972714,0.397600704223677,1.3863308863340718,-0.9207697282762913,-0.9019585801170829
0.16000000000000011,1.7476293700520191,-0.04400510373794131,-4.023026718471037,-0.2635076533607905,0.395831282159571,-0.033731926797259996,-0.39856930287212394,-0.08673066741385281,0.3974700966434044,1.3863915507451847,-0.9207701303348117,-0.9019559648853244
0.16200000000000012,1.2943894885396534,-0.20334587611591692,-4.341218938621508,-0.2426599326501862,0.3574491130084783,-0.02471425235115182,-0.39857674107599383,-0.08672658772647987,0.39735305967693635,1.3863712631611265,-0.920776301456369,-0.9020033793995531
0.16400000000000012,1.533771130076557,-0.36460188091902296,-3.8997734754482987,-0.24139854280286607,0.3352577824856453,-0.027909216854688987,-0.3985849293499194,-0.08672055138159454,0.39722660837621443,1.386366884687405,-0.9208003608737285,-0.9020179494408855
0.16600000000000012,2.816656583720346,1.2609491909182815,-1.3357573921482462,-0.28411303134447397,0.4907050983458778,-0.05967860115564032,-0.39858840063951095,-0.08668256843012213,0.3968085386497613,1.3864535383939611,-0.9209199610132048,-0.9020603467050553
0.16800000000000012,2.3035842833672318,1.4596728143660989,-1.4971613699822788,-0.30003983390441546,0.4739849848971299,-0.07177000564263618,-0.39859527656092353,-0.08668238411632616,0.39669662691672103,1.3864340733889966,-0.9208832485088554,-0.9020932931917561
0.17000000000000012,1.7533076734634823,1.210579705087342,-2.2876518531665995,-0.28802271900211457,0.4200268969017127,-0.06672104335144424,-0.39859604614431055,-0.08667926491542777,0.3965620924639882,1.3863910485720154,-0.9209214890650905,-0.9020846649083156
0.17200000000000013,1.0565548659640784,0.3142192948160027,-3.69774914948054,-0.2622991903378604,0.36191661575259115,-0.053248063913605675,-0.3986028361369101,-0.08666288962935143,0.3964248166571066,1.3864064392292144,-0.9209555766143765,-0.9021130389902967
0.17400000000000013,0.8313016726610858,-0.3135492434193756,-4.469951326837519,-0.24739854629935992,0.33478013390706274,-0.04433202876307562,-0.3985932758051217,-0.08665853154648627,0.39628047176952685,1.3864057196867559,-0.9209382331487217,-0.9020932680853312
0.17600000000000013,0.9750767640604299,-0.333508798514115,-3.9793204744040844,-0.26209312757437336,0.34130462161798597,-0.03347062020387387,-0.39859886623133617,-0.08666010437192681,0.3961473098453706,1.3864202131262797,-0.9209491812360519,-0.9021069036683197
0.17800000000000013,1.5140317266264827,-0.12453192669966978,-3.5787217273720207,-0.2754076137529961,0.3728670863449571,-0.03382626569233895,-0.39860609651739354,-0.0866532352832857,0.39599440226508004,1.3864812723112194,-0.9209513935103193,-0.9021600256574551
0.18000000000000013,1.7894235987600862,0.5299447438569768,-2.577096158232779,-0.2713491881310577,0.4149604789112735,-0.037812788380394334,-0.39859623747305245,-0.08663922939660479,0.3958551624502352,1.386441024679774,-0.920969351640741,-0.9021709541510212
0.18200000000000013,2.190501225742181,0.711134624745913,-2.4965753749565014,-0.28416229892465694,0.4300968920480926,-0.06087691300617791,-0.39859931033496365,-0.0866324340667898,0.3956984186201667,1.3864491749231795,-0.9209890336167579,-0.9021551692092085
0.18400000000000014,2.050197289247115,0.7438551701239179,-2.9388512663090873,-0.28288788956146255,0.41617392877490467,-0.06725591312597497,-0.398604583896365,-0.0866322978355532,0.3955585555052465,1.3864949417645327,-0.9210153825536112,-0.9021809071710999
0.18600000000000014,1.4791312644398442,0.6891713502935951,-4.262352114448226,-0.2723924963815867,0.37019366017893607,-0.059228420029362225,-0.39861693929593406,-0.08664134861277453,0.3954211791286159,1.3864771977639394,-0.9210004649239177,-0.9021732886534584
0.18800000000000014,1.3842938634348725,0.1496038027907473,-5.131467395512096,-0.259747294406885,0.3249040182486733,-0.047805360649255016,-0.39861480888598544,-0.08662419506465499,0.39525547328838023,1.386556201286192,-0.921042761940185,-0.902190994754277
0.19000000000000014,1.5430366062717018,-0.08693729029528341,-5.320929353084937,-0.25430531785869037,0.3216105761368673,-0.06661123239668576,-0.3986112727924328,-0.08660984445731225,0.3950976412478415,1.3865739306181128,-0.921078244355769,-0.9022012252592209
0.19200000000000014,1.8439203983510153,0.5756758065503192,-4.516103101906421,-0.25915462877580847,0.3510581469069488,-0.055501309584163,-0.3986177333159697,-0.08660393700299196,0.3949435669306464,1.3865972372374564,-0.9210944377216501,-0.9022117322252885
0.19400000000000014,2.293400437257645,0.5454376392934679,-4.073664710240102,-0.2500225513304478,0.39048309762587885,-0.06642782593310345,-0.3986261288800884,-0.08659913603447386,0.39480373779835104,1.3865619800290803,-0.9211265726910959,-0.902249141679366
0.19600000000000015,1.8943850760776677,0.7430894090760299,-4.410912242795164,-0.23841371713537396,0.3880656899206713,-0.061644887969654956,-0.398630596995312,-0.08656853585196075,0.3946509418289565,1.386518546411971,-0.9211781060227309,-0.9023037330772798
0.19800000000000015,1.603765980127266,0.19445080273575005,-4.958602963112023,-0.22256465402335596,0.3604563242784783,-0.054939933158699515,-0.3986309627181479,-0.08657496368101794,0.3945267054511232,1.3864621979616587,-0.9211237116370777,-0.9023062235800763
0.20000000000000015,3.3461002962240487,0.8877331757705407,-2.5932537097508344,-0.307112208113692,0.48714748391344603,-0.05955355856792371,-0.39864691800097946,-0.08656773930226237,0.393902564373946,1.3864747543126679,-0.9211185315912073,-0.9023579288276281
0.20200000000000015,2.505759760973336,1.479707912988369,-2.911695971386946,-0.28925345809030534,0.4507305967398352,-0.05974751622920022,-0.3986559693531236,-0.08655935167598194,0.39376128962637436,1.3864522610031047,-0.9211567057297165,-0.902392596302446
0.20400000000000015,1.6333619358345548,0.9588915558951454,-4.199945865179801,-0.2813448137060924,0.3822540846572894,-0.07132058405973364,-0.39865903791953433,-0.08654677470978281,0.3936131512843516,1.3864321763883063,-0.9211854198854358,-0.9023812093940942
0.20600000000000016,0.8352257960896439,0.40629113778712383,-5.491701497909366,-0.2520801625236977,0.31678071588432055,-0.06851269452876312,-0.39867319516870425,-0.08654322533234618,0.39343842614376123,1.3865410535147413,-0.9212310897881105,-0.9024225456205952
0.20800000000000016,0.14822537285467263,0.39998544934415114,-6.656914254285608,-0.24125194726996807,0.29336313413651804,-0.055742085372081404,-0.39867979667910536,-0.08654560828410635,0.39329705145019456,1.3865168516219801,-0.9212564195443544,-0.9024117473418548
0.21000000000000016,0.3741663845628427,-0.0882111298644094,-6.271032871816382,-0.23516119271130365,0.2924220744683045,-0.05910212619402669,-0.3986786757298603,-0.0865619765085021,0.39313769085214006,1.3865850887015365,-0.9212266092641274,-0.9023261340035477
0.21200000000000016,0.27285196787155075,0.24510989356094298,-6.178410230714049,-0.24460641378139397,0.30655640381276067,-0.05862932404608794,-0.39869257397722685,-0.08652925728419172,0.39298978073534624,1.3865455139782992,-0.9213243665717527,-0.9024512019608978
0.21400000000000016,0.7525472616404449,-0.03446181259456141,-6.112406506359354,-0.22380784427587708,0.33408226990892115,-0.07541573151004297,-0.39869167672478356,-0.08654993924641188,0.39285447041557386,1.3865787321739684,-0.9212673246329125,-0.9024402992977876
0.21600000000000016,0.49203826199019557,-0.5262801755394652,-6.5375485787068754,-0.21183824358115055,0.31790239583204893,-0.07066194527680869,-0.39869775370407645,-0.08653143747203484,0.39269105761181045,1.3865802923835153,-0.9212638829358495,-0.9024652988479733
0.21800000000000017,0.5730861971401785,-0.8831490922178227,-7.1793638186637025,-0.20196296414464893,0.2833403008809843,-0.047362490366372,-0.39868747164204776,-0.08651267455155656,0.39254727329947237,1.3864962399403655,-0.9212632449665674,-0.9024849621151028
0.22000000000000017,0.5357995994004147,-1.199067091067204,-6.93108396354143,-0.2107101377088513,0.25485540021910313,-0.03171652057214711,-0.3986897954833085,-0.08651926325728927,0.39239333838924123,1.3865454900121559,-0.9212359871959732,-0.902448473300661
0.22200000000000017,1.4719959481919067,-1.0896879261551005,-5.91359640087543,-0.2289196643998117,0.28543709645054566,-0.024889763707569245,-0.3986989936307921,-0.08652181355813023,0.3922505172405133,1.386475714156539,-0.9212412090125,-0.9024651100070032
0.22400000000000017,2.291873753880586,-0.34624183303597966,-4.940509917344259,-0.2438582780305466,0.3649261988378832,-0.032057717508390406,-0.3986930087930709,-0.08649498256207626,0.39208695059019893,1.3864707500386757,-0.9212673056467295,-0.9025164226394053
0.22600000000000017,2.523589404033942,0.7683726823222434,-3.627280044023278,-0.2633521693246236,0.42170452718915763,-0.046341548998218844,-0.3986856347007782,-0.08649047819184541,0.39192738024823565,1.386448483491136,-0.9212944397017967,-0.9025242818506234
0.22800000000000017,2.633145114397586,0.671739003997643,-3.2598324536258345,-0.26176835585763697,0.4284466114497736,-0.06774453382539487,-0.3986921842773458,-0.08648690869669969,0.39179861436960545,1.3863450117373066,-0.9212738934094173,-0.9025597065342533
0.23000000000000018,1.8726398323768676,0.40819474203121897,-4.019906898297674,-0.24549733834523818,0.3833762173147224,-0.059498607128856094,-0.3986882458911165,-0.08647809259288619,0.3916593508429849,1.3863075552822364,-0.9212514090635929,-0.902593139869408
0.23200000000000018,1.4699528819041279,0.5533976972685464,-4.429667707780679,-0.24628692505164823,0.3431922915082777,-0.04869914172521713,-0.39869067714016304,-0.08646676426160843,0.39151560865714524,1.3862661676686148,-0.9212381154488576,-0.9025977393324607
0.23400000000000018,2.044021069937647,1.5585336887443488,-2.5652551990140484,-0.2882656383426584,0.43419473882175363,-0.0663840309839297,-0.39868194162090614,-0.0864311470978966,0.39107457607171453,1.3862584196636938,-0.9212621201476312,-0.9026729580103543
0.23600000000000018,1.9626767115351875,1.062457325510859,-2.6149293065667125,-0.2681682958422075,0.441359584863625,-0.07115866222743228,-0.398685303209307,-0.08642979533902419,0.3909374516129924,1.3862160837702568,-0.9212585500662196,-0.9027056125556617
0.23800000000000018,1.3223821140677847,0.1533776895858046,-4.082346693798034,-0.2505814330862447,0.37103356150132244,-0.07135562867408257,-0.39867971062648433,-0.08642109284090788,0.3907833411587525,1.3862148380667796,-0.9212630808661575,-0.902702890920719
0.24000000000000019,0.9178562536097282,-0.21272064487622228,-5.219180107337861,-0.22079661201356188,0.3096649646858111,-0.03707558856017409,-0.3986812381636032,-0.0864201220675718,0.39062998824305284,1.3862066220289067,-0.9212528127343075,-0.9026738421631659
0.2420000000000002,1.035152091569993,-0.7776950937160764,-5.088459477840885,-0.23002257411129196,0.2977685645366635,-0.02852315143981738,-0.39867890124931904,-0.08640836824590026,0.39047784663224927,1.3862585683739812,-0.9212934633135094,-0.9027243593470737
0.2440000000000002,1.466774950234351,-0.10497682024609889,-4.429517637515867,-0.2596075260445652,0.3336640733406662,-0.02212404837470672,-0.3986830548934476,-0.08640219212460952,0.39031291888712416,1.3862903634005903,-0.9212816112605,-0.9027452940671702
0.2460000000000002,2.409514632218427,0.5960255350240642,-3.606429719089858,-0.27912727819094313,0.396975889175744,-0.03155798550173526,-0.3986741717669435,-0.08639802467374062,0.3901709021934408,1.3862170148866526,-0.9212952613039074,-0.9027343478525893
0.2480000000000002,2.9309297541208474,0.9270605298760672,-2.9403709540159424,-0.2703240058446389,0.43012322152467375,-0.05688732200013109,-0.3986914541285911,-0.08639893834266024,0.3900132451870181,1.3862052684374493,-0.9213070809506146,-0.9027420456789451
0.25000000000000017,2.650985242453845,1.496646520322029,-3.252320854781627,-0.27945638267334494,0.42553388661480973,-0.05703955832789107,-0.39867480312499803,-0.0863692912667243,0.3898599035244578,1.3861814760767588,-0.9213133084599331,-0.9028076123308588
0.25200000000000017,2.4947611418959394,1.6098467476213485,-3.3684507842523606,-0.28415301247629865,0.4024440422101191,-0.05804709243935813,-0.3986820323485743,-0.08636932220851481,0.38971498683635136,1.3861828497429713,-0.9213187165833858,-0.9028045078861587
0.25400000000000017,2.630770233096342,1.7017608757576328,-3.385727958522869,-0.30409262828326644,0.40458724200787266,-0.045619146997089396,-0.39867824088901327,-0.08635496962054379,0.38955244162426644,1.3861796437769376,-0.9213764815376204,-0.9027871616515915
0.25600000000000017,3.019657453579309,1.7828496005066474,-3.0788530064382433,-0.32135390898325794,0.4270873477119349,-0.06433953943758686,-0.39868081744947204,-0.0863421214873262,0.3894053314177216,1.3861848352296298,-0.9213959232308901,-0.9028475566237549
0.2580000000000002,2.7269628483246864,2.7273231871459847,-2.6184868878692753,-0.3264686252789677,0.4642276714041675,-0.06804648860971717,-0.3986965240838907,-0.0863475837114426,0.38926164164551796,1.386170821046457,-0.9214481991937289,-0.9028517560986216
0.2600000000000002,2.2850889326506016,2.4873028033477693,-3.355052042815218,-0.3090453416478014,0.4504024990316447,-0.09533616904538145,-0.3986944357408824,-0.08633069747161051,0.38909889093508204,1.3862769756428315,-0.9214281984058844,-0.9028807235904288
0.2620000000000002,1.5392620600549352,2.03965890583961,-4.890074300971882,-0.2790704033529002,0.38739449518095537,-0.08517715945044836,-0.39870164108368505,-0.0863511829092714,0.3889454771848253,1.3862939284354348,-0.9214285221964897,-0.902828926562162
0.2640000000000002,0.8429693595283482,0.3877542548405048,-6.6787509242383605,-0.23734510172486128,0.32551240356546896,-0.08204360728145411,-0.39870970965093205,-0.08635443781402066,0.3888070927611596,1.386296528914072,-0.9214346946228397,-0.9028443909351833
0.2660000000000002,0.26902267899430965,-0.15388732625575957,-7.090447951791046,-0.23176172754816585,0.25736463429753437,-0.05139074439554831,-0.3987199755503582,-0.0863430132137209,0.3886422937788237,1.386315872358899,-0.9214809394543028,-0.9028237909127301
0.2680000000000002,1.5571382782662926,0.08565251581864247,-4.637800232172556,-0.24889822044107154,0.3686126427066202,-0.05076253246324775,-0.3987353526248164,-0.08634022615164222,0.38819776705371367,1.3864053306770525,-0.9215259554749738,-0.9028438627056862
0.2700000000000002,1.5522718593635056,0.06893213648208057,-4.609789523269412,-0.2331337298720338,0.37010007906250847,-0.06390353041983522,-0.3987382620201886,-0.08632085269988764,0.3880488685600852,1.386390629599517,-0.9215477484556232,-0.9029353371718776
0.2720000000000002,1.1334826757302872,-0.16955793204653252,-5.465091711066559,-0.23363900388992023,0.3399887855044625,-0.04821163714479051,-0.39874511919355327,-0.08633696997116747,0.3879102839995529,1.3863440592020546,-0.921498258292252,-0.9029171590307685
0.2740000000000002,1.0935775133577639,-0.6982721277090387,-5.748360478226368,-0.22645590097309576,0.2941844318562414,-0.043988659186748054,-0.39874289794511564,-0.08632510760466397,0.387741095453359,1.3863904942547347,-0.9215358995309773,-0.9029127515686942
0.2760000000000002,1.0581242443244436,-0.3886164011266695,-5.044603465944336,-0.23940006798575542,0.29850658952021514,-0.033167246550159485,-0.3987381877827788,-0.08632103819764521,0.3875918004665213,1.3863814268831813,-0.9215370345711632,-0.9029114903309985
0.2780000000000002,1.779108576208997,0.19620889453543322,-4.136798458510245,-0.2544510940269403,0.35932887560558907,-0.055016292769249096,-0.39874695197939924,-0.08631668158373582,0.38745718226791853,1.386323861088949,-0.9215057129623117,-0.90294861723386
0.2800000000000002,2.3267290730535035,0.8993579411331234,-3.195602146499644,-0.2611940384518227,0.4159702765202357,-0.07161612761246446,-0.3987396924732486,-0.08631079992160154,0.38729736724848124,1.3863487476931422,-0.9215442448388063,-0.9029765400999199
0.2820000000000002,2.4265809508736425,0.8355290907576204,-2.811671677518248,-0.2559572885143522,0.43872759728284866,-0.09262694526296028,-0.3987411188320315,-0.08630542990706816,0.38715770619829093,1.3862759099343,-0.9215163211988359,-0.9030067251890278
0.2840000000000002,2.3107037504668773,1.03860540356091,-3.0752255631244694,-0.2706661498623298,0.41621373288326763,-0.08155776022624336,-0.3987423363637886,-0.08629713834412003,0.3870212916405158,1.386221236704725,-0.9215070446755244,-0.9030046725466845
0.2860000000000002,1.857917878573838,0.8209289264767401,-3.008240633725315,-0.27513705823679985,0.38124389570222483,-0.05302691534412548,-0.39873457602339907,-0.08629393678878743,0.38686909666400604,1.3862604010922603,-0.9214973358366211,-0.9029872843857067
0.2880000000000002,2.2419912189002282,0.16686946281876047,-3.4921237205168802,-0.2805737354141173,0.3838386679237355,-0.05419604329065099,-0.3987429566817699,-0.08628797022701509,0.38670460029222753,1.386303900127573,-0.9215231390292333,-0.9030123779173057
0.2900000000000002,2.3942931894592765,-0.046483952100422,-3.441722690477681,-0.27430437740635644,0.40774768084829466,-0.05105800645714431,-0.3987491820809573,-0.08628450932498524,0.38655253533790035,1.386295480360559,-0.9215675471731661,-0.9030064037910447
0.2920000000000002,2.205529912566879,0.5646916499780505,-2.909132628966873,-0.2728396827921567,0.4102646645847478,-0.04959027979213903,-0.39874852744256395,-0.08628726977370028,0.3864097430736004,1.386296576059071,-0.9215517876540659,-0.903024734186324
0.2940000000000002,2.1324259056278736,0.3884885866333719,-3.1681174836528307,-0.25946805195765466,0.40551456818071313,-0.06270895728969603,-0.39875008333204404,-0.08627159454322342,0.38626083326072974,1.3863206717050758,-0.9215569677429356,-0.9030258746832612
0.2960000000000002,1.48745997761418,0.3002021516377523,-4.310184374139518,-0.24135672293154609,0.37945799237704064,-0.06167404521694355,-0.3987582203338422,-0.08626791590359757,0.3861049054181327,1.3863341986108628,-0.9215902708877554,-0.9030554593505571
0.2980000000000002,1.007093102468764,-0.49488133288910885,-5.377681253521827,-0.23680991431014958,0.3325406690862381,-0.06750709401241307,-0.39874506253901987,-0.08625837806004705,0.3859533626554374,1.3863380987476255,-0.9215758554251557,-0.903072228716037
0.3000000000000002,0.9548416391292345,-0.24376600613366106,-5.357719500945802,-0.25726558086881346,0.30647966284653577,-0.042779018316631806,-0.39875327541102856,-0.08624905231504616,0.3858014820388871,1.3863402469104713,-0.9216582072963327,-0.9030716403653857
0.3020000000000002,2.090054836943706,1.5021560859011094,-3.18014868909247,-0.2735712270447157,0.43912061438077477,-0.08954609316433469,-0.39875648607188174,-0.08624076031691384,0.385332206948103,1.3864309864797668,-0.9216517062408619,-0.9031058199529942
0.3040000000000002,1.39323802516724,1.3055293982786207,-4.509480239505874,-0.251513825034677,0.4089773157930245,-0.08871668385806819,-0.39874777018780794,-0.08622874210644958,0.38518094273845976,1.3864108724061017,-0.9216582004053764,-0.9031150649568395
0.3060000000000002,0.6633539527773464,0.5725950699031914,-5.8421341548233165,-0.23324132157477406,0.31394909864501086,-0.07789795090499935,-0.398755224951928,-0.0862343454759507,0.38502852506557983,1.3864000795452165,-0.921689604207503,-0.903064243729125
0.3080000000000002,0.22115568906899613,-0.08617376586947097,-6.641958545254034,-0.2462015888619053,0.27215780284851426,-0.058818438732037834,-0.39876026771673323,-0.08622318745375784,0.3848542747096563,1.3864514255952418,-0.9217309493747167,-0.9031145770579536
0.3100000000000002,0.5983810004390662,-0.41119345027543197,-6.5281736612237475,-0.2377353481006127,0.26807655713595546,-0.05860515506527086,-0.3987467277153999,-0.08621739620322921,0.38472444402842254,1.3863904584698656,-0.9216859726904942,-0.9030887622318458
0.3120000000000002,1.1388575136343386,0.20455292524985777,-5.798002930243891,-0.23791543929233802,0.31877573936573594,-0.04178287296183572,-0.39875912348815856,-0.08620268293273076,0.3845648528702202,1.38639202335681,-0.9217587438534448,-0.9031540535349251
0.3140000000000002,1.9334074982552085,-0.002082755011237336,-4.955625644369768,-0.2390842487538384,0.3736517454404557,-0.07077317527884304,-0.39875499847718415,-0.086208897683166,0.3844200108855438,1.3863716961273234,-0.9216884605607701,-0.9031424579143741
0.3160000000000002,2.0136078979206764,0.7525867513286868,-4.5670247810188265,-0.2337113103557375,0.38278609910147676,-0.05705268024814453,-0.3987467513333327,-0.08620130136615606,0.3842624679732836,1.3863625632483532,-0.9216675229500475,-0.9031242800065619
0.3180000000000002,2.1134641885160184,0.028375597216398485,-4.98045929190498,-0.23378854227866272,0.3772847799609883,-0.06025990145382065,-0.39874751203263714,-0.08619952843685214,0.3841408142840145,1.3862824293892095,-0.9216359523278994,-0.903212737159814
0.32000000000000023,1.8310234460679369,0.4164457297426057,-5.326892360419754,-0.2492319468171209,0.36585508966242736,-0.029939190728892902,-0.39874672637366404,-0.08619555010281518,0.383973739510484,1.3863266874504083,-0.9216618528944951,-0.9031813768168513
0.32200000000000023,1.9316232151108832,0.11113732889411065,-5.283666458690224,-0.2695481612835581,0.3714433337254004,-0.031444895812031755,-0.3987480284908702,-0.08619279868814236,0.3838145957809712,1.3863370676358813,-0.9216403169419018,-0.9031887547867524
0.32400000000000023,2.0642285683044808,0.27794125818144627,-4.732429594058273,-0.28207360284716027,0.3757378817620445,-0.04495503841472662,-0.3987572386428373,-0.08619538216217082,0.3836633334536746,1.3863714291947131,-0.9216725691715205,-0.903205908305903
0.32600000000000023,1.4982181399381114,0.6466686478030124,-4.925134117065652,-0.2215279409086805,0.37724078889773316,-0.08088506817215026,-0.39874415590389345,-0.08617845596320547,0.3833828796656004,1.3863202873194904,-0.9216478625746672,-0.9032016124044498
0.32800000000000024,1.4982181399381114,0.6466686478030124,-4.925134117065652,-0.2215279409086805,0.37724078889773316,-0.08088506817215026,-0.39874415590389345,-0.08617845596320547,0.3833828796656004,1.3863202873194904,-0.9216478625746672,-0.9032016124044498
0.33000000000000024,0.3320095923303092,0.7386042338989496,-6.613370098029167,-0.2158027121008884,0.3315088055874,-0.06944650911102773,-0.39874376282815965,-0.08617594796742813,0.38323003649253085,1.386327270286222,-0.9216456568913073,-0.9032267172823147
0.33200000000000024,-0.05772058101837274,-0.2970785192349095,-7.523387179500025,-0.20242082769688002,0.2642226887475574,-0.06895437882225139,-0.3987467487412615,-0.0861577558207178,0.3831002635881019,1.38623738553777,-0.9216537355800403,-0.9032940958661058
0.33400000000000024,0.1621336413804509,-1.0865185019752073,-7.695740531079678,-0.20356706277400377,0.24378306250757248,-0.05423008890575901,-0.39873547609774385,-0.08615639105044151,0.3829674197895321,1.3861998342863837,-0.92164031063354,-0.9032611510148009
0.33600000000000024,2.391131037453847,-0.028029273895582407,-3.4799288443226732,-0.2419884908239895,0.3903743585589686,-0.06075263071302411,-0.39873100843970805,-0.08614306890773557,0.3823746433814491,1.386063600830324,-0.9216089945941072,-0.903303345635295
0.33800000000000024,1.8846096606299438,0.47117227724305366,-3.785295173046747,-0.2644808357017207,0.3749020070461432,-0.04252049687250458,-0.398721054198632,-0.08611647124011904,0.3822351023063859,1.3860181230577993,-0.9215840665341283,-0.9033570651654056
0.34000000000000025,2.304403629781371,0.2286020896649935,-3.3649567606247377,-0.279032837641923,0.3781145439547723,-0.0393422375969006,-0.398722073121629,-0.08610913164251906,0.382100341428113,1.3859220495019124,-0.9215565289160845,-0.9033449658557883
0.34200000000000025,2.532361903665465,1.0382514813974355,-1.8244894712716302,-0.30072435393137054,0.4236553108009441,-0.028544177470695768,-0.398727660874723,-0.0860969027728515,0.38195989543613923,1.3859248558603934,-0.9215859959778495,-0.9034142688054924
0.34400000000000025,2.9634327962380898,1.509386151173161,-1.253283172772356,-0.32524729105857425,0.47713073972028386,-0.0557312471790284,-0.3987252116041363,-0.08610425274290247,0.38180582777194066,1.3859252893964071,-0.9216007862012652,-0.9033815619824973
0.34600000000000025,2.628565459997448,2.1639046066495764,-0.942572827596138,-0.31263751437027004,0.500430569742319,-0.0690447751248007,-0.39872106566142074,-0.08610326111322841,0.3816763931418604,1.3858399994532884,-0.9215238704219959,-0.9034004693701124
0.34800000000000025,2.073897514209749,1.68082846668199,-1.7972810426134598,-0.2959096667271356,0.4602193266157061,-0.09933965920931515,-0.3987258847124449,-0.08609194093129835,0.3815044035009781,1.3859330106845444,-0.9215946006804369,-0.9034326033599462
0.35000000000000026,1.3743623548315105,1.5421284346852109,-3.208097216488334,-0.2757061926637083,0.4000531169245495,-0.07950427419129057,-0.3987246579574468,-0.08606303162457826,0.381371228855819,1.3858937972230905,-0.9216152331386829,-0.9034998467384076
0.35200000000000026,0.8851711921767877,1.1240208398455018,-3.4904930911309573,-0.28576806045110587,0.3518837391433883,-0.06845174919749156,-0.3987214653312004,-0.08605609702951766,0.38120030433781743,1.385964849413499,-0.9216744564356146,-0.903461211092569
0.35400000000000026,1.4240226021512823,0.97671988816174,-3.305040740813304,-0.29047054283692675,0.36705988105807696,-0.05621575239157769,-0.3987275648971179,-0.08605243852425443,0.3810621791695164,1.3859430591752933,-0.9216808243284853,-0.9034898568810594
0.35600000000000026,1.8433142716404536,0.7775912831677281,-3.1827882191820613,-0.28196448128606577,0.41375381966926583,-0.0498513719054174,-0.39873244148849685,-0.08606480698830579,0.38088533360561605,1.3860621381041678,-0.9216969377867764,-0.9034289223269363
0.35800000000000026,2.131544473471257,0.9326728200018295,-3.2442075224039435,-0.275097457801129,0.44154526501321745,-0.05307460426304354,-0.39872418365569506,-0.08604877950168591,0.3807411580524164,1.3860420855610902,-0.9217042587140388,-0.9034383611570045
0.36000000000000026,2.106578990432002,0.5357146521628646,-3.2212450633732694,-0.262221100005459,0.42568560982373344,-0.06784557898214691,-0.3987315252871645,-0.0860516170922457,0.3805955581690151,1.3860290753627893,-0.9217028664869451,-0.903456592849535
0.36200000000000027,1.5240128543130562,0.45479840629554796,-4.734495853016874,-0.25185052379192374,0.37157841138553416,-0.047266099726813955,-0.39873456234656357,-0.08605690802558862,0.38044023987773445,1.3860288615707907,-0.9217391931186192,-0.9034223548686574
0.36400000000000027,1.5739409885793332,-0.23663739384377536,-5.612086872437623,-0.24842866537568786,0.3307420873686649,-0.04534072928919408,-0.39873685527774116,-0.0860402017875869,0.38027186522612655,1.3861523182874362,-0.9217590677247716,-0.9034541271116655
0.36600000000000027,1.5254725885632283,0.23808853745864683,-5.508693289141131,-0.2718616419824405,0.33047567126444255,-0.03173283636004084,-0.39874024617005677,-0.08603065557291262,0.3801133143135318,1.386155429944172,-0.9218093337193584,-0.9034460489755217
0.36800000000000027,2.0951903012737345,0.44283866882176937,-4.36507786325929,-0.2831822465923803,0.3664885507051655,-0.04667760708705312,-0.39873554801554756,-0.08604289815914447,0.37996802099282173,1.386156784728943,-0.9217822310054803,-0.903418494975164
0.3700000000000003,1.7485337067666606,1.3893143323488517,-4.312659818349416,-0.25602136801662373,0.39887583491771306,-0.08327913834451467,-0.39874405903009563,-0.08602575583227283,0.37947394812129714,1.3863042788549664,-0.9218786314098619,-0.9034814979856495
0.3720000000000003,0.9223703841417658,0.9334480461912011,-5.707254804418206,-0.24872519481695377,0.33662786928046984,-0.07742358677001226,-0.39876066103248065,-0.08602627450388778,0.3793295768868654,1.3863075122940882,-0.9218866223023768,-0.9034966584465494
0.3740000000000003,0.5403135398512224,0.17546341591674475,-6.932000787203674,-0.2473415153624801,0.29369775777123047,-0.07185948418667015,-0.3987499830315412,-0.08601431383436817,0.3791884427602677,1.3862857442148893,-0.9219027730566366,-0.9034771230718415
0.3760000000000003,0.3723742663683164,0.12770177785351208,-6.228148906723167,-0.2476350268522858,0.28259102602320496,-0.07139496522935006,-0.39876072497891346,-0.08600314884339853,0.37903707720863805,1.3863225618154813,-0.9219578368667518,-0.9035098213307998
0.3780000000000003,0.719268934834653,0.29333481045854054,-5.933636886338397,-0.24618924508871365,0.32037297209234183,-0.07063743719459085,-0.3987556017154909,-0.08600151939980744,0.37888054298259977,1.3863283828973085,-0.9219763640477613,-0.9035141193929078
0.3800000000000003,0.915010372307605,0.2693656395139623,-6.013879420167925,-0.22970744015551992,0.35134437654196443,-0.07076036369553274,-0.39875946001449214,-0.08600610954334363,0.37872991742012596,1.3863622163170786,-0.9219433464474972,-0.9035189162338982
0.3820000000000003,1.0786707489473906,-0.49968438428275325,-6.3939926268459555,-0.20441047908011686,0.3395605167800218,-0.07388147590362681,-0.3987625623324351,-0.08599688557628765,0.378574608305532,1.3863672597852834,-0.9219282665372917,-0.9035156538215428
0.3840000000000003,1.1280987748453173,-0.9597919536785482,-6.659905565609201,-0.20626165979339242,0.3217786088643741,-0.05305195553802231,-0.3987634047638975,-0.08600723718013109,0.37842899487423226,1.386372942543927,-0.9219151544559793,-0.9035524317267707
0.3860000000000003,1.461106717864547,-1.0197884127798842,-6.617698301861048,-0.2314685856431847,0.3091177698545624,-0.03505062350661614,-0.3987629346513973,-0.08597601297075393,0.3782670590493116,1.386379783011296,-0.921989791098711,-0.9035591746831063
0.3880000000000003,2.046248656202057,-0.7069993876370941,-5.804191524033872,-0.24210321318939904,0.34044219184454666,-0.027279549419774726,-0.39876028120179174,-0.08599439749853335,0.37811450686767256,1.3864585319600267,-0.9219212874250864,-0.9034750752854924
0.3900000000000003,2.4187715259479816,-0.4101996874696259,-4.635751075432619,-0.2441442425985088,0.38915084332207556,-0.040048770953357245,-0.3987620496715109,-0.08598329381238355,0.3779796484817514,1.3864113205672735,-0.9219928183693118,-0.9035498712103142
0.3920000000000003,2.147401463218321,0.4497264749876522,-4.244545122751057,-0.2517839340449689,0.4089089069359055,-0.06000720295919946,-0.3987702573071656,-0.08597836185729466,0.37782968283355445,1.3863831312617267,-0.9219855499173063,-0.9035710338466818
0.3940000000000003,1.6284835367828114,0.49745550580783937,-4.955125749145147,-0.2254092187681676,0.37648489857772377,-0.06997605197982515,-0.39877396583923663,-0.08597719876646492,0.37767991698212106,1.3863602728120963,-0.9219811002425169,-0.9036105408550148
0.3960000000000003,0.92224830408825,0.3656307267823646,-5.719581378712713,-0.2131156718178378,0.3306103965059977,-0.06760184217923162,-0.39876360965160945,-0.08594242515873479,0.3775408222809425,1.3862817244610153,-0.9220048374347067,-0.9036639364887452
0.3980000000000003,0.5874101698303376,0.2731255455409549,-5.693673575107871,-0.2243128671406317,0.3010217503983826,-0.061605129365693095,-0.3987696552316971,-0.0859553984134384,0.3773907606485943,1.386294246073306,-0.9219815405230454,-0.9036146316173184
0.4000000000000003,1.0145019715658135,0.49381247633505304,-4.853945157035641,-0.25796386314458797,0.32833946317729,-0.05585275728505541,-0.3987602832636458,-0.08593843069391646,0.377230866306885,1.386301198303775,-0.9220351249342372,-0.9036437061710192
0.4020000000000003,1.9716050484498948,0.7531467097721414,-3.3218682544762568,-0.2932589505717224,0.392252716720644,-0.06534674747939855,-0.3987639431259121,-0.08594296049204408,0.37710880260239826,1.3862080606346925,-0.9219537285235153,-0.9036634790712849
0.4040000000000003,1.4377758688235505,1.0606906032325079,-3.4721807585145554,-0.2573428006142262,0.39787674104715326,-0.07482740995692493,-0.39876909326015453,-0.08591901948554158,0.37667693135977987,1.3860900070650195,-0.9219808713591666,-0.9037292808195818
0.4060000000000003,1.1751104174736693,0.2044714743047476,-4.822049530694073,-0.2694054504820198,0.35200627389510336,-0.055702513958948194,-0.39878119982807375,-0.08591285655297695,0.3765153120585914,1.3861365699497006,-0.9220185822574407,-0.903724403928434
0.4080000000000003,1.2614179976733169,0.11562134740851954,-5.120528316942013,-0.27693423797621747,0.32496765931129173,-0.048648132715642604,-0.3987771225250238,-0.08590495112814198,0.37637042119416203,1.3861156935222896,-0.9219832007853791,-0.9037565769710245
0.4100000000000003,1.3059098489469583,0.2779442182956403,-4.361920752649856,-0.2740493800503788,0.3534590925746658,-0.0470143747371345,-0.39877546604609887,-0.08591572980164097,0.37621960912917746,1.3861415863138307,-0.9219766164315149,-0.9037123748187701
0.4120000000000003,1.7592718385161341,0.5436980027120302,-4.476705807895356,-0.25977326699048436,0.3833895059850198,-0.058085844666970796,-0.3987866200250591,-0.08590034969853425,0.376068319147335,1.3861144324014372,-0.9220035657014541,-0.9037581922563326
0.4140000000000003,1.3502005614471089,0.7764220972708229,-4.640580386308368,-0.22820360933854375,0.38170504594180843,-0.06874721626010127,-0.3987772277061563,-0.08589038402440347,0.3758947293216622,1.3861676603718653,-0.9220553641292965,-0.9037613131193664
0.4160000000000003,1.0039187036362713,0.6039135764285293,-5.1947343407645,-0.21951865641010776,0.34269688831525336,-0.06199495816281255,-0.39877796097638124,-0.08588596331217335,0.37574739141240115,1.3861192457071383,-0.9220381654478955,-0.9037680027656623
0.4180000000000003,1.24673997091584,0.13423110256131782,-5.524376730007746,-0.23975115831226912,0.31732685026096713,-0.04957541832608973,-0.3987707351076051,-0.08587753477644325,0.37560123555985564,1.3861024099290253,-0.922025126025285,-0.9037602506628937
0.4200000000000003,1.7829208231264213,0.04283102678339923,-4.966189860524134,-0.25474749849469747,0.3415197560015982,-0.05083692646524496,-0.398778886614842,-0.08587783697231019,0.37545872013007975,1.386062005113932,-0.922023812451225,-0.9038117418538025
0.4220000000000003,2.0381241224161677,0.5906541924913278,-4.038778080720654,-0.280939511424682,0.39214790421431894,-0.05665664809882104,-0.3987824953712235,-0.08586310675504441,0.37529684549292897,1.3860829984859444,-0.922072152105096,-0.9038286843382815
0.4240000000000003,2.5678726180863793,1.1621211920038452,-2.9413206174800037,-0.27903121786736396,0.42298559674873953,-0.07657310103624719,-0.3987801985790662,-0.08585509618315665,0.3751378887715346,1.3860449616458301,-0.9220820206149202,-0.9038311873748267
0.4260000000000003,2.304666361706828,1.5251819124835468,-3.186903257134695,-0.2636135036627982,0.43921511214617925,-0.07379535413040184,-0.3987890777104702,-0.08587271331100926,0.3749851689589048,1.3860572616119944,-0.9220486829338733,-0.9038109488960664
0.4280000000000003,2.0607440312896705,0.7362042640624482,-3.758845878091229,-0.2575715692752781,0.4092583506571335,-0.08043632380073855,-0.39878229301683776,-0.0858701343057145,0.3748436137691104,1.3860361219914372,-0.9220115071351396,-0.9038063189026584
0.4300000000000003,1.692853933563937,0.7620539452735706,-4.157478880586696,-0.2603169082862387,0.3679981942173887,-0.05891684012458193,-0.3987934502324445,-0.08585194730973472,0.374701808008611,1.3859812374939557,-0.922036591251455,-0.9038851205476939
0.43200000000000033,1.5445379647598096,0.5314757175758581,-4.302471253903035,-0.26125287351818016,0.35804942736425127,-0.04942022570925395,-0.3987955988432011,-0.08584569149969476,0.37453329118749784,1.3860377178314371,-0.9221005369800186,-0.9038772761019056
0.43400000000000033,2.1238229314817585,0.4296543240507401,-4.135145987608933,-0.28093143856742187,0.3793196569854074,-0.051231777963162195,-0.3987982634034417,-0.08586035039901099,0.3743829204758794,1.3860382775940014,-0.922051364931568,-0.9038510361450464
0.43600000000000033,2.273053881711788,0.9421597429057191,-3.26432663769213,-0.2736031497037626,0.4009508122582075,-0.0658101112006677,-0.39880191450369074,-0.08585109406283364,0.37422576551081793,1.386062068531566,-0.9220683279516855,-0.9038804058567687
0.43800000000000033,0.37969543188493776,-0.5647058805843495,-6.85906328735537,-0.2253560313594717,0.2647458519089739,-0.042549504619003684,-0.3988237396103018,-0.08584601350098325,0.37361473631648107,1.3861137078557313,-0.9220929359201416,-0.9038787219377343
0.44000000000000034,0.7922830817984473,-0.6211899555578143,-5.836845540362681,-0.2348178434708399,0.28869882404342584,-0.04703635241794843,-0.3988247403819546,-0.08582241296444174,0.3734794190644319,1.386047371512973,-0.9221551415712359,-0.9039558025963176
0.44200000000000034,1.5266102318045625,-0.04885746000914315,-4.854885676917868,-0.2331384751460093,0.35170044098373765,-0.056757156371317334,-0.3988339037761419,-0.08583049546032459,0.3733035106416641,1.3861220209463925,-0.9221735710984766,-0.9039206488566561
0.44400000000000034,1.734217752079691,0.627233533471887,-4.358012031745082,-0.23745925551682762,0.40701237416099734,-0.06779155575057547,-0.39881810552313895,-0.08582034085263512,0.37314795048844923,1.3861271009336127,-0.9221712323130921,-0.9039649222458148
0.44600000000000034,1.7146161677050413,0.7523810741210512,-4.473802426705305,-0.23766529879354317,0.40190475393637876,-0.0711477435545513,-0.39881533432762106,-0.08580444117208348,0.37299930322255676,1.386098640938903,-0.9221522649826864,-0.9039394956592726
0.44800000000000034,1.7161409651173272,0.524238944971846,-4.7193551106055,-0.2472321488228606,0.35815298818871255,-0.05792597628239375,-0.39883235459709754,-0.08581209804635466,0.3728550733870919,1.3861049518679947,-0.9221606862786901,-0.9039734918496932
0.45000000000000034,1.800217858841733,0.3049821294761419,-4.427658458564289,-0.26639752412763895,0.3495487047707448,-0.048692374754623034,-0.39882578052436574,-0.0857998407088986,0.37270562037740823,1.3860324564579907,-0.9221866346676766,-0.9039705226038041
0.45200000000000035,2.425421258243806,0.5873265402955785,-3.9127187673543595,-0.28704148672224805,0.37431728688013177,-0.05777022984661662,-0.3988295080325678,-0.0857795332633,0.37254400932947124,1.3860581801562506,-0.9222381671155092,-0.9040053808502991
0.45400000000000035,2.6064611266188202,1.3435483967764654,-3.438985484575928,-0.2962148173280822,0.4357330907585222,-0.07359179269500088,-0.3988385393164627,-0.08578880011931221,0.37239710339134524,1.3860733684360262,-0.9222394764918639,-0.9040101146180316
0.45600000000000035,2.6870286814528868,1.3022564805006955,-2.788345571655842,-0.282927526366995,0.46079995714476263,-0.09285036863726667,-0.3988302435686632,-0.08578530964366038,0.37224758287502796,1.386079008246009,-0.9222042736333806,-0.9040099884049019
0.45800000000000035,2.279278714281976,1.3161288703262781,-3.4009574991362403,-0.26884418626123796,0.43562285572462994,-0.0876182673050505,-0.398843121348858,-0.08577965201917846,0.3721091116026161,1.3861110605698406,-0.922203076797638,-0.9040405154444501
0.46000000000000035,1.6085290921955606,0.7419807211708938,-4.955404136717182,-0.25305993850395714,0.3808722522172808,-0.0908213034215079,-0.3988485020664122,-0.08578355431414633,0.3719366322246651,1.3861600895478907,-0.9222844235859029,-0.9040134088709385
0.46200000000000035,0.6964949457233864,-0.03155529826183964,-6.392738403107397,-0.23540488475404237,0.3123802857233914,-0.07523697978388004,-0.3988458820400864,-0.08578384802805977,0.37180655022036996,1.3861554748477123,-0.9222546247152086,-0.9040055350424475
0.46400000000000036,0.43490976294919065,-0.3937935810810472,-7.0747102545491245,-0.22605740954459577,0.27232778815889436,-0.0547734994207506,-0.39885881682460234,-0.08577374740867769,0.37164110279872176,1.3862049977874784,-0.9223169535090059,-0.9040357758276284
0.46600000000000036,0.49267489360860456,-0.04280534968500577,-6.668209198375085,-0.23311268473646207,0.279234694667718,-0.05657733383478395,-0.3988553338723114,-0.0857612695464322,0.3714999724560439,1.3862141947922502,-0.9223160197432478,-0.9040597528043485
0.46800000000000036,0.7103305152142597,0.309987766472044,-5.963523742541891,-0.24772410110534065,0.32631957928485594,-0.06177978232617216,-0.3988548113532546,-0.08576805917998777,0.37135181270671824,1.386216771947576,-0.9223115573159656,-0.90406724383454
0.47000000000000036,1.0977554375512042,-0.011563397884983173,-5.784031215593931,-0.22827436385394517,0.34934791472531357,-0.07456424392037107,-0.398859501017632,-0.08575982221079184,0.3711957605503722,1.3862250817809498,-0.9223095600042547,-0.9040530692325887
0.47200000000000036,1.5931432786591484,-0.30655908681770405,-5.144405986342836,-0.24959216703507486,0.32616996137623716,-0.04192282530763916,-0.39886012325466036,-0.08575232432772317,0.3707665716877651,1.386195107279763,-0.9223108120741624,-0.9040701752742396
0.47400000000000037,2.1287640114023456,0.14759699261622927,-4.226551694570684,-0.26792299917730866,0.3792317332107918,-0.051536856437201184,-0.39886828130036067,-0.08574597881288105,0.37061049105983396,1.386182850513981,-0.9223015226318311,-0.904116862013146
0.47600000000000037,2.340721574510116,0.945099998146973,-3.02160463463838,-0.2683818575134222,0.4264965231175811,-0.06771494590532606,-0.39885561532625385,-0.08572260420463305,0.37047876985393596,1.3861006864239702,-0.9223348843110694,-0.9041437655588367
0.47800000000000037,2.08084598741602,1.1837362246509175,-3.2563123200773543,-0.26010823217130213,0.42881521131662415,-0.08680502958641187,-0.3988655717881734,-0.08572980381366099,0.3703168859674811,1.3861385932414834,-0.9223363891156924,-0.9041351673746408
0.48000000000000037,1.6412002602838733,1.0904107261938683,-3.9208924564346157,-0.2498395957616315,0.3934755957208019,-0.08378812448298495,-0.39886484987644927,-0.08570942053907507,0.3701770228443982,1.38608326447279,-0.9223494413092731,-0.9042057809022438
0.4820000000000004,1.2245368113255772,0.7848294812395193,-4.119335380017904,-0.2537523046869369,0.36069471227700106,-0.07291982206319467,-0.3988729615816765,-0.0857138454804454,0.3700269252643084,1.3860608227445728,-0.9223447047251482,-0.9042076414571956
0.4840000000000004,1.5703704757360324,0.6089212228406051,-3.880031821694049,-0.2694751736685228,0.35598932007324274,-0.06980942233203585,-0.3988725272585495,-0.08571553962273723,0.36988662152698504,1.3860503513019204,-0.922323113416896,-0.9041904273943935
0.4860000000000004,1.932842389305671,0.9715685899744232,-3.55059386759257,-0.2948853981960111,0.4012403832179126,-0.05494264628055488,-0.39887668989511527,-0.08569967337992021,0.3697555863180931,1.3860157524345718,-0.9223140327265371,-0.9042694824909496
0.4880000000000004,2.1195600476205834,1.2031515720247912,-2.870253726551881,-0.2865789418043593,0.43819533736858785,-0.06560586679304657,-0.39888182097507724,-0.08569969717273176,0.36959705479338734,1.3860307155547378,-0.9223470753761813,-0.9042231864452193
0.4900000000000004,2.3080574362768873,0.6222016380977735,-3.5125820531306013,-0.2667527021341935,0.43513750365864856,-0.0831340159092446,-0.39887409461757073,-0.08568832670485632,0.3694526418810279,1.3860176498350174,-0.9223778942744075,-0.9042103440405017
0.4920000000000004,1.4859861001480088,0.4214269039122286,-4.675798849797124,-0.22866776384121895,0.38136043027889766,-0.07694522640940289,-0.3988768073992235,-0.08568784035753808,0.36931477588593203,1.3860067573984514,-0.9223255458082765,-0.9042809982933621
0.4940000000000004,0.6011552885782088,-0.049441726372230405,-6.6612985252261465,-0.21647218808779167,0.3130862913254816,-0.05651739017970138,-0.3988975425904634,-0.08567623069545328,0.36916121106594335,1.386004414307118,-0.9224168824694673,-0.9043073719601369
0.4960000000000004,0.6236551170708212,-0.7073639775953406,-6.676502679378556,-0.2178263007078198,0.27730869072676323,-0.04445407049368733,-0.39888287774329867,-0.08568638457906125,0.36900794975542084,1.3860490955723321,-0.9223758252405643,-0.9041890376148033
0.4980000000000004,1.3272527012706998,-0.6486947168180233,-5.646565483247408,-0.24304237874528553,0.2943996697797292,-0.035287704337153274,-0.3988935074211735,-0.08567896485820908,0.368853658707778,1.386089690432965,-0.922390928123725,-0.9042630793576251
0.5000000000000003,1.9926227706299853,-0.28577045509401233,-4.822389390241066,-0.2535098759619743,0.37036059992851,-0.04815717349623413,-0.3988896359590687,-0.08567006129859595,0.36871278217712616,1.3860330961080443,-0.92240222812041,-0.9042593012938771
0.5020000000000003,2.1526329581920445,0.45207236172999377,-3.8353081915515204,-0.2374003834394579,0.40300730771903936,-0.07040973885831645,-0.39890045761266174,-0.08566673996586002,0.3685719238318917,1.386010460065603,-0.9224200672421369,-0.9043155253890731
0.5040000000000003,1.772124079712246,0.3207577185062227,-4.268819398539608,-0.22154021252456296,0.4095993290002141,-0.07857887246884378,-0.398902065190304,-0.08566290082870218,0.3684227591069851,1.3860454446961803,-0.9224093704500564,-0.9043369358489093
0.5060000000000003,0.9565116273697767,0.4643733749449125,-4.713988454042498,-0.26991383672498553,0.3488937235260535,-0.06897456974390057,-0.3988997115431975,-0.0856325289386348,0.3679649045311567,1.385965227881533,-0.9224662541256673,-0.9044025720790513
0.5080000000000003,1.1322223546246895,0.5474469677275207,-4.601769665204617,-0.26375736259780724,0.3858859409673028,-0.0728245862905511,-0.3988942045418229,-0.08563491059155912,0.3678441240607356,1.385877029500582,-0.9223654953163084,-0.9043865028981013
0.5100000000000003,1.2033292596124956,0.913110626892742,-4.23752758569921,-0.25014612486535465,0.39046775022896274,-0.08140069642434362,-0.39888064146196794,-0.08561137149668649,0.3676993728155179,1.3858036872282842,-0.9223916627262838,-0.9044205070737279
0.5120000000000003,1.1045479351863432,0.37722855769300667,-4.675615951372408,-0.2357517596762525,0.3688613653591694,-0.09746172241478318,-0.3988772786461494,-0.0856015007354928,0.36755786191634454,1.385786187438924,-0.9223674918459132,-0.9044236025073953
0.5140000000000003,0.8100040290866941,0.12430072839505998,-5.765755571396791,-0.22103374649361793,0.3372764196029485,-0.0733032322615821,-0.3988764116838839,-0.08561518108037218,0.3674201755375716,1.385756958814413,-0.9223256654835809,-0.9044210313937285
0.5160000000000003,1.230801088063941,-0.045716202849389986,-5.6654517329910075,-0.24333479644292924,0.33437664905750597,-0.04538996136553282,-0.3988780847739066,-0.08560174445150255,0.3672625781057107,1.385795522022224,-0.9223393529832723,-0.9044394004829925
0.5180000000000003,1.49968409673349,0.19012636613154654,-4.694930214502814,-0.28314347876815305,0.3526383965539831,-0.04602520200097307,-0.3988814970127884,-0.08560312888817609,0.36710532318364447,1.385813232140703,-0.9223633648096956,-0.9044222081997817
0.5200000000000004,1.877343669711649,0.5174152158961375,-4.640921126651581,-0.279142269167432,0.402486971797902,-0.04324365351366053,-0.39887530349899114,-0.08557909741847786,0.3669814763223241,1.3856800729641978,-0.922372408700657,-0.9044769035421276
0.5220000000000004,2.3826096768832485,0.32106707754256836,-4.459717816026478,-0.24162178982275076,0.4113100614355095,-0.05871768930858181,-0.39886932752317394,-0.08557568756719894,0.36680196734804027,1.3858177112075565,-0.9223882776309142,-0.9044793347838539
0.5240000000000004,1.6863168090404315,-0.012575306462233371,-4.837842960314571,-0.20501041484398605,0.3736799105806792,-0.07228310553092096,-0.3988766342667577,-0.08557001554458246,0.36666479296127835,1.3857358109138698,-0.9224206899609831,-0.9045058514581116
0.5260000000000004,1.1403122865068125,-0.1489709493607615,-5.620566181036387,-0.20254511520146862,0.32669744689459684,-0.04992387925950172,-0.3988702846862134,-0.0855469142503229,0.36652240844959494,1.3857201669587191,-0.9223780235610888,-0.9045669860302543
0.5280000000000004,1.1248027905851217,-0.37930580568593975,-5.678778046999006,-0.22069662951524205,0.3091298552763996,-0.03817805516841347,-0.3988669627489194,-0.08555641998414715,0.36638077314510537,1.3856944277236432,-0.9223483015491917,-0.904534130194595
0.5300000000000004,1.2362732810311519,0.1373013996343968,-4.829414426893362,-0.2536564302518511,0.34170892448220624,-0.03849842082108777,-0.39886205144768355,-0.08553960103146907,0.36621425407648905,1.385669460704639,-0.9223977376210621,-0.9045400373024962
0.5320000000000004,1.9197922296406893,0.4338327998253542,-3.7430938682572,-0.2760141354646677,0.3981655216070952,-0.07502721573222416,-0.39886881855003853,-0.0855284755460442,0.36608888466802864,1.3855971122935717,-0.9223810853953881,-0.904578361073458
0.5340000000000004,2.3416413732258956,1.5599064181271736,-2.1102275636692736,-0.291755428705433,0.4385935746658967,-0.08177022726589671,-0.39887065884710976,-0.08552857676362371,0.3659302386721553,1.3855590801455466,-0.9224123565039144,-0.9045979796597382
0.5360000000000004,2.1106846648700404,1.951275135065914,-1.9089830755619053,-0.2868756865301373,0.4528941598564406,-0.09392520230030081,-0.3988692841643502,-0.08553065278063984,0.36578856755964734,1.3855436549099358,-0.9223897570733482,-0.9046201455641635
0.5380000000000004,1.870858726074044,1.5778882285555502,-2.6090630925111298,-0.2736786316893214,0.42335959790282424,-0.09173840361178075,-0.3988703017917574,-0.08550735672386144,0.3656400053316805,1.3854733997061415,-0.9224176467149013,-0.9046724780558486
0.5400000000000004,2.136000641297266,1.2146494103758587,-3.2057163787594853,-0.3001797161759802,0.39927834031515663,-0.06647288688224388,-0.3988790112430966,-0.08550514745995894,0.3651777123255144,1.3855630605939135,-0.922421758584862,-0.9046603419215398
0.5420000000000004,1.8582480172651097,1.6940210141586887,-3.552271572323337,-0.29649955765030533,0.43298833411730825,-0.08077716409800285,-0.39888343804426796,-0.08549495872723684,0.36502836278579365,1.3855257572809005,-0.9224537979244671,-0.9046788739216142
0.5440000000000004,1.6203172651132924,1.4511649244851257,-4.194594636690649,-0.2645010213587148,0.4214587365872177,-0.08974650881207757,-0.39888487393102984,-0.08548585544913581,0.3648723223020877,1.3855808887701886,-0.9224945538060201,-0.9046725427795637
0.5460000000000004,1.048642639513119,0.642600133150657,-5.668108597435637,-0.22074163402172886,0.35803655147545965,-0.08796098395882103,-0.398880404775854,-0.08548480656454559,0.3647267136564591,1.3855942773554741,-0.9224525232441885,-0.9046818729946234
0.5480000000000004,0.7982135096857139,-0.1610537111239663,-6.860034734384227,-0.22201623626871658,0.2948557370438407,-0.05530146916655497,-0.39889735814198235,-0.08548574579137941,0.3645832285362049,1.3855581059655808,-0.9224526411913541,-0.9046946941279835
0.5500000000000004,1.2676370389415794,-0.5163026407593132,-6.100942919147961,-0.2387624371070094,0.2913802582280078,-0.04859838965549261,-0.3988923322962191,-0.08548290172428055,0.3644277134018561,1.3856211323431147,-0.9224763991019674,-0.9046708843751062
0.5520000000000004,1.828429296145922,0.04216770983997242,-4.92907765159841,-0.25556814974871134,0.35343489983712956,-0.03888021207421628,-0.39889527854871487,-0.08547413903570097,0.3642641223838637,1.385651490057538,-0.9225188290796986,-0.9047162002343199
0.5540000000000004,2.360032707842656,0.36455962394977115,-4.459169772238282,-0.2597008458784692,0.41550595504610205,-0.06602911243802936,-0.3989096602743842,-0.08546662824969109,0.36411109450993634,1.3856262941210262,-0.9225350302464296,-0.9047533557835901
0.5560000000000004,2.115584920360598,1.1576060208552321,-3.887925907948417,-0.25826771760936984,0.4253121218682933,-0.07017847072149869,-0.3989107991325637,-0.08548277609490451,0.3639623378965757,1.385603372281945,-0.9225071577255819,-0.9047207378321294
0.5580000000000004,1.9935835922080762,1.1753064611194288,-4.039973101091302,-0.2581157239635503,0.406730970494811,-0.07964879388556555,-0.3989162640325468,-0.08546790585269035,0.36379944380710894,1.3856696914117088,-0.9225553435883324,-0.9047685223995161
0.5600000000000004,1.7250439329582052,1.294144985857975,-4.172856908926837,-0.2842638289335241,0.38212341942038636,-0.06596316659146446,-0.3989154366597635,-0.08546665993623999,0.3636540720363888,1.3856539129714889,-0.9225318360594553,-0.9047330843678255
0.5620000000000004,1.9308631069390252,0.992085481022958,-3.998079713210508,-0.2832369015489872,0.3883848351962298,-0.06855629286596303,-0.39892506690432017,-0.08545448756297114,0.36350320916024426,1.3856299173276334,-0.9225705756795328,-0.9047678365181095
0.5640000000000004,1.8284465419835902,1.0651615264175378,-3.775273882589022,-0.29169600457997197,0.4123988499561703,-0.07703225159536521,-0.3989343489319698,-0.08546533889265345,0.36333242043772507,1.3857636419049189,-0.9225839798711234,-0.9047716004058514
0.5660000000000004,1.819421019503234,1.6247140491063878,-3.230396187743168,-0.2834771287147754,0.4072942082867241,-0.07842829405382057,-0.3989430192686808,-0.08545085991735525,0.3631698168389071,1.3857957604106481,-0.9226598001719383,-0.9048038097514897
0.5680000000000004,1.3356246459858327,1.3948416922622346,-3.919390907691642,-0.2527592022902954,0.3957206914776686,-0.08608342018864172,-0.3989568339112758,-0.08546467249835364,0.3630372224144753,1.3857443583304665,-0.9226509084245963,-0.9047831196946056
0.5700000000000004,0.5156817419648204,0.8546428714880789,-5.353017268861642,-0.2277326433097192,0.3665985056806554,-0.09108849809019758,-0.3989658550262034,-0.08545232520986071,0.3628755529872151,1.3858027777267201,-0.9227265858928969,-0.904801206380489
0.5720000000000004,0.363364386702236,-0.4804357160676051,-6.877019709135802,-0.19948685096856508,0.31349046235383465,-0.09529342350864313,-0.39896245610033687,-0.08545211792535687,0.3627081678969488,1.3858707186315649,-0.9227201508956903,-0.9047885169209201
0.5740000000000004,1.5969883613685145,-0.342398645855075,-4.903597786319393,-0.22233316467324118,0.3902720844216357,-0.05778601210238568,-0.3989722750245914,-0.08545837506844678,0.36212106021226337,1.3858988732980533,-0.9226784197189034,-0.9047501271607364
0.5760000000000004,1.6542409372315376,-0.5674174431206294,-4.909442820250252,-0.19846457525448052,0.3756610417268447,-0.07099657913603637,-0.3989798403420196,-0.08541996568384164,0.36195604610290416,1.3858818842748732,-0.9227764825212637,-0.904844109574094
0.5780000000000004,1.090370409513909,-0.18307462033378874,-5.948264901215185,-0.21249836733616737,0.3378678243250972,-0.04071776227240967,-0.39898222117819465,-0.0854314633297133,0.36180485650896543,1.385876579142015,-0.9227259647893234,-0.9048576181012122
0.5800000000000004,1.2267673125333776,-0.14829845567870908,-5.216307447435933,-0.24882343411551275,0.32426824944530214,-0.04587843309578727,-0.3989831769565191,-0.08543549642400086,0.36166250446816145,1.3858690231960462,-0.9226951376975989,-0.9048309110210069
0.5820000000000004,1.7997408014214586,0.10035462815176055,-4.432583535495978,-0.2682440993377399,0.3704169109811126,-0.05950303244570792,-0.3989807227882362,-0.08542040716625365,0.36151167398580775,1.3858579878321409,-0.922761648137419,-0.9048804944066822
0.5840000000000004,2.3680571287349377,1.190977205586565,-3.242153415596901,-0.2730851285908811,0.4330830405974401,-0.06883682200118184,-0.3989776821631725,-0.08541205978209185,0.36135512216170645,1.3858614142522656,-0.9227798034615434,-0.9048851172755307
0.5860000000000004,2.2439745140715144,1.3271451496151196,-2.626572403721794,-0.27404565055930397,0.46149893913734735,-0.09692024516390618,-0.3989727633613893,-0.08541473089066959,0.3612059809652207,1.3858686614578075,-0.9227559284588238,-0.9048751307601988
0.5880000000000004,1.879378127972681,1.3458556640205126,-2.8531370406443113,-0.2567258854593054,0.4262430409878254,-0.10525184969087742,-0.3989823464167808,-0.08539564500942046,0.36106672713881055,1.3858371056506191,-0.9227800824127265,-0.9049034246273312
0.5900000000000004,1.022220819117279,0.9296737375917794,-4.307839166101084,-0.23655075203872122,0.3779574844550828,-0.0827349035708138,-0.3989858248052117,-0.08538998956393504,0.3609054817119818,1.3858478838027406,-0.9228135786389644,-0.9049718569759796
0.5920000000000004,0.35586904055149626,0.36979161020985796,-5.804366009733838,-0.2333656488078077,0.3288973645573725,-0.06935994620164829,-0.39897886841127944,-0.08540275507917999,0.3607465759219794,1.3858973382342175,-0.922774720552575,-0.9048899015146592
0.5940000000000004,0.2650416601285543,-0.06923745682691207,-6.183247449962065,-0.2489574602902108,0.3217468025728356,-0.06463981492544739,-0.39898387735478524,-0.08538475333897874,0.3606033898839165,1.3859120427142029,-0.9228316595394441,-0.9049548712346629
0.5960000000000004,0.4988204120829586,-0.061374995202165245,-5.270334938491752,-0.24891168347506132,0.32484181814422664,-0.060574057011376914,-0.3989856306705656,-0.08537015236803717,0.36044915161695473,1.3858997641987991,-0.9228752229153157,-0.9049495441796774
0.5980000000000004,0.6140005352721709,0.2351443590055639,-5.327747346525457,-0.24027498084657636,0.35590356064386447,-0.058028658601906764,-0.398970399843836,-0.08537964493381958,0.3603056474570178,1.3859177077532463,-0.9227906108221859,-0.9049243745296897
0.6000000000000004,0.8604197992961765,0.04512635570332468,-5.367528925003985,-0.21123393608768518,0.36134330889378136,-0.07458178302391562,-0.3989768367146981,-0.08535320488341716,0.3601453694127604,1.3858998384527508,-0.9228544335007811,-0.9049930775268011
0.6020000000000004,0.4175020410420551,-0.44858771390107083,-6.26516152358365,-0.1854783920151115,0.3315074165004601,-0.05625003466584089,-0.3989716031293397,-0.0853734599856948,0.36001647513462876,1.385853528698963,-0.9227926798244103,-0.9049297795103548
0.6040000000000004,0.8221791293557176,-0.7804116161261405,-6.695619041754962,-0.21714689069408977,0.2987758636307592,-0.039101583911445775,-0.39896695790433356,-0.0853571958920071,0.35985043442996756,1.385858372472853,-0.92280147682255,-0.9049257081453477
0.6060000000000004,1.136735506361549,-0.3647990017633746,-5.28410282791372,-0.2550738177446647,0.30763388803766356,-0.02718203018784051,-0.3989567442250082,-0.08533988081948456,0.3597054866554069,1.3858774354126462,-0.9228065168893734,-0.9050045587842708
0.6080000000000004,2.057405277778658,1.3540551332918342,-3.2055980923312544,-0.23776741913572347,0.42229512265973856,-0.09173501556311554,-0.3989472562212667,-0.08528553666284786,0.3592635913836467,1.3857172943084322,-0.9228500784074034,-0.9051025878137642
0.6100000000000004,1.4026546829819382,1.5352861045504622,-4.375534900452859,-0.23970478267521717,0.3857132771481264,-0.093169294072283,-0.3989455313855598,-0.08528732210033937,0.359122408292451,1.3856719275186387,-0.9228136492030758,-0.90513101752047
0.6120000000000004,1.3889658880789155,1.046059915823771,-5.027680119701935,-0.253357857881188,0.3598283023724012,-0.08256878942162657,-0.39894958624727217,-0.08526873201266794,0.3589793561928678,1.385596524156136,-0.9228492675305809,-0.9051364460654863
0.6140000000000004,1.9533177989306874,1.023398987087781,-4.3697535994102035,-0.29426984087046987,0.3780091743028148,-0.0714866578473723,-0.398946752578528,-0.08526862692273804,0.35881822412782993,1.385610209387905,-0.9228829322384448,-0.9051290172618088
0.6160000000000004,2.53076565936369,1.145645396232576,-3.6887170125046946,-0.31366585053080875,0.4193217954118659,-0.08478178204805094,-0.3989436833247016,-0.08524790808526451,0.35867409383874227,1.385613412783777,-0.9228703621345428,-0.9052212247093239
0.6180000000000004,2.335926008966166,1.5620531901609445,-3.086410825678674,-0.29141020127974415,0.4462992407920686,-0.08967477226633576,-0.3989474352999206,-0.08525377217314842,0.3585205650623782,1.385605539889633,-0.9228604711129708,-0.9051738470504148
0.6200000000000004,1.9302119721057875,1.3068363167334343,-4.047519067542831,-0.25218451747297865,0.41558600351957836,-0.09850117202370777,-0.39894165558027705,-0.08526252491355557,0.35838250346633954,1.3855992643039747,-0.922840923919917,-0.9051757703498947
0.6220000000000004,1.4439910782295446,0.42620143564097446,-5.830161682810778,-0.20900941878940196,0.3566598857113644,-0.08861282120629296,-0.39895624420405595,-0.08524283998850657,0.3582113312798696,1.3856621611794135,-0.9228984181944369,-0.9051947719788179
0.6240000000000004,1.1796104075660923,-0.3814628420930399,-6.527992154904364,-0.216346453151934,0.30261671130380563,-0.06207944710669931,-0.39895090692446133,-0.0852496876632658,0.3580957916563811,1.3855748416656564,-0.9228396509248763,-0.9051930949433108
0.6260000000000004,1.1841821260271748,-0.4352120364530333,-6.480514830639392,-0.24846474061931495,0.29716689510933725,-0.04663612364016774,-0.39894740176525256,-0.08524240428351862,0.35793231931015396,1.385624874375986,-0.9228793140627363,-0.9051691504817815
0.6280000000000004,1.757485740789658,-0.45688977136555153,-5.871411754542414,-0.2531139029766514,0.34704832583204814,-0.05442585655501618,-0.39895639501824604,-0.08523495839787171,0.3577894902168995,1.3855680748016377,-0.9228712138057392,-0.9052238459159707
0.6300000000000004,0.6694905223070908,0.12521334799973727,-3.410952701867641,-0.2628123729563098,0.5035055081558506,-0.084645633201874,-0.39895201271272723,-0.08521341770437446,0.35763820264357077,1.385558837318226,-0.9228954799058657,-0.9052768743717426
0.6320000000000005,2.0821649484055462,0.8174877719072706,-4.9787069391181324,-0.21446425121786936,0.4113960804518199,-0.11936322776396553,-0.3989551681491743,-0.08522144347347183,0.357493864214958,1.385549198661177,-0.9228533710029205,-0.9052808246015305
0.6340000000000005,-0.25548797902266474,1.3412072267496942,-3.3717662000824555,-0.23878660138504007,0.47296196368646665,-0.13532210918483165,-0.3989570188513279,-0.08521080580586991,0.3573725556093789,1.3854083489356397,-0.922804995597515,-0.9053344937550194
0.6360000000000005,1.2351045528948976,0.9354988596860551,-3.3122080627604027,-0.27669577114362104,0.5052403677451489,-0.1023278357444799,-0.39895757054551045,-0.08520751909141527,0.3572144182441157,1.3854085368865452,-0.9228540779049285,-0.9053277319396764
0.6380000000000005,1.3137290834067237,1.8274954149869789,-5.1902697848213855,-0.2557328414716573,0.38543512688013154,-0.1678220386751475,-0.39895832498488915,-0.0851812503230928,0.3570941068354252,1.3852854622708672,-0.922825595188586,-0.9053470062574303
0.6400000000000005,0.3184039899416288,2.1343516401695037,-1.1699752424242023,-0.3521285416074778,0.5149643333624369,-0.11953264789726196,-0.39896470004512796,-0.08518708742584927,0.35695476213240446,1.3852281412593608,-0.9228273640513219,-0.905410276871126
0.6420000000000005,-0.18023906055594852,1.6375396932066695,-0.012000013596330836,-0.34692547568788856,0.6628686080662182,-0.1994098128938876,-0.39896170934090947,-0.08516060011177627,0.356496130091175,1.3852242626130464,-0.9228646249868936,-0.9054572095620221
0.6440000000000005,1.6310130509268448,1.4783903932775662,-4.16661050027961,-0.2847336072191836,0.5638504402081348,-0.2026629391938979,-0.3989662393448337,-0.08515610190695175,0.3563765919470056,1.3851991606558884,-0.9228045361976946,-0.9054931978122218
0.6460000000000005,0.8600444385000157,1.8713647918974554,-3.7714750194763633,-0.25595972662872646,0.4474115758398618,-0.2166890758072223,-0.39895877493418463,-0.08514483253614474,0.35622523868601436,1.3851967341619973,-0.9228094494848613,-0.9055091416540908
0.6480000000000005,-0.05101620995441805,0.3385483652918686,-0.939986421476863,-0.35764554669467136,0.6111744954579278,-0.16949281569098235,-0.3989558358072045,-0.08514333580311545,0.35608181900492886,1.3851953967073694,-0.9228140711220948,-0.9054881564751696
0.6500000000000005,1.5757766192907472,1.512454652567345,-2.848914822723483,-0.30821294082519374,0.6762689164869928,-0.2272154566148799,-0.39896280569772874,-0.08513354716115885,0.3559433501863585,1.3851792095041071,-0.9228659874850278,-0.9055112260989071
0.6520000000000005,0.009612836359577881,1.5549122804767053,-0.7181283050336401,-0.2824552738389367,0.7196757454140607,-0.26805867225037483,-0.3989601539270497,-0.08512795278992932,0.35581288841019415,1.385099946295542,-0.9228148826400471,-0.9055836332073873
0.6540000000000005,2.9963132391378133,0.8095393748422479,-1.1178594419103653,-0.29796915201350727,0.6307565593994608,-0.2237460966106513,-0.398976775170684,-0.08511659623696874,0.35565512022942375,1.3851318474120313,-0.9228998581221368,-0.9055864970216968
0.6560000000000005,0.697173966670755,1.8246529619538348,-2.0896170057402528,-0.26774946679306943,0.7296852217168843,-0.2821274597694737,-0.3989595251554059,-0.08509722812011804,0.3555224742207075,1.3850816792687064,-0.9228293912522698,-0.9056276467212717
0.6580000000000005,-0.6350954533593779,2.1735585063929523,4.317529245078449,-0.4145362321860205,0.8152389074626434,-0.2741633683798954,-0.39895542298666153,-0.0850920963750367,0.35538124776537505,1.3849688487859295,-0.9228257564483876,-0.9056249236097959
0.6600000000000005,5.575088434332109,2.1990486104311318,-2.97488677704514,-0.3410411469382473,0.5211897946481351,-0.2525371938310183,-0.3989644392933712,-0.08509075203202619,0.35521537897187827,1.3850635797689168,-0.9228645970310498,-0.9055938093196224
0.6620000000000005,0.6779156136984812,3.867948739561962,2.8471872076722238,-0.3822403150080432,0.8692936635057369,-0.2925148646240082,-0.3989646305693933,-0.0850951089554562,0.3550805677462646,1.3849984405230336,-0.9228731512971194,-0.9056674443291909
0.6640000000000005,2.6749870639615425,3.5715057949730764,3.187918083429823,-0.4297745151180351,0.7756794055891592,-0.3521682907267798,-0.3989811714530249,-0.08506423163356318,0.3549207275372854,1.3850206237526996,-0.9229776336251737,-0.9056884843778555
0.6660000000000005,1.17168307416597,4.227648022537973,-0.1638050164930332,-0.3284000715695154,0.6447366371675758,-0.3536978493394746,-0.39896985852538275,-0.08508178475246536,0.35475528680103036,1.385107004958973,-0.9229357864932958,-0.9056773155038157
0.6680000000000005,0.05871777120235344,3.2230247247729,-0.3000607987791153,-0.2783324580112786,0.6992335401148707,-0.33303096501221463,-0.39898279980929935,-0.08505415475306209,0.3545999192684283,1.385139556198487,-0.9230013027020559,-0.9057195727016
0.6700000000000005,0.23888076220336585,2.5885399717741446,-3.769209380969822,-0.34062011518530844,0.521228119370196,-0.3649040467068671,-0.3989874397270423,-0.08505116252148504,0.35443767384243746,1.3852314065806959,-0.9230597226219598,-0.9057062452139396
0.6720000000000005,0.016207910037616013,2.2538443754357305,-2.50662414220478,-0.26396900563445125,0.5409593694850451,-0.30564584256613386,-0.3989949256126918,-0.08505793639369819,0.3542969861449049,1.3852389123790423,-0.923047304908426,-0.9057421361737233
0.6740000000000005,0.9604066703330736,1.8367191476669449,-4.219048408712522,-0.2821287643199666,0.5692866705392651,-0.3404994989424608,-0.39899984559320967,-0.08506055905063767,0.3541362730295016,1.3853192621322559,-0.9230676063782232,-0.9056871910383101
0.6760000000000005,0.369846303703047,1.651740060168079,-4.368440022441928,-0.23300343632847567,0.49270879176247573,-0.3258431008020733,-0.3990021020871525,-0.08505213490187619,0.3535035344836125,1.3854672641370616,-0.9231146360579658,-0.9056685781396767
0.6780000000000005,1.6917305735039259,1.0953312851463752,-6.208059418673114,-0.2270052128605967,0.4388692385188278,-0.28774700078047594,-0.39900807725100507,-0.08505238599004328,0.3533128456081017,1.385599013021268,-0.9231828140077514,-0.9056762468120007
0.6800000000000005,1.2714640733626106,2.0278804181785417,-3.947826929637185,-0.25127642167560094,0.5218158404245563,-0.2886721166527566,-0.3990136101052548,-0.08502778756671538,0.3531731715732811,1.3855258583525685,-0.9232210150408015,-0.905719079953839
0.6820000000000005,0.9130445790428677,2.7572540285325493,-3.554955047230508,-0.250195218758785,0.5891333814772342,-0.35861839392792516,-0.3990112752604087,-0.08503484391074412,0.3529967564140634,1.3856032893552956,-0.9232832292164506,-0.9056609497069243
0.6840000000000005,0.7874421026192152,3.2838356975507055,-4.958995239683052,-0.21892659158476294,0.5362760735711037,-0.3528155242107942,-0.39902420549846795,-0.08502626922949896,0.3528277704990865,1.3856623267392616,-0.9233174856086693,-0.9057021144189601
0.6860000000000005,-0.5586709492131202,2.6443606149578534,-4.486647506598377,-0.20255944824485472,0.5031526679326251,-0.3649114116871121,-0.39902669943516084,-0.0850284306638861,0.35267461990122606,1.3856718912887538,-0.9233058826918998,-0.9056998101588769
0.6880000000000005,0.1894842822729007,2.281604082945331,-5.855007075383817,-0.22442842747343036,0.4288403935443121,-0.3488593824351889,-0.3990300829616006,-0.08501895681210275,0.3525101322100139,1.3857158155199187,-0.9233642918807826,-0.9056943407382075
0.6900000000000005,-0.1179694337184044,2.3144377263512013,-5.6825794039207524,-0.23678097520058775,0.46537459004340326,-0.37249506369813407,-0.3990375678311028,-0.08501321430244406,0.3523567817395141,1.3857415282186996,-0.9234156825770813,-0.9057304080480582
0.6920000000000005,0.48061581711875334,2.1915143303211844,-5.500323761641892,-0.22721651872500212,0.5157396654228324,-0.33415017844253025,-0.39904440350569437,-0.08501712158977962,0.35220203906289,1.3857559548252796,-0.9234056613609315,-0.9056887140220667
0.6940000000000005,0.1866112638415739,2.4650919597628977,-5.312798674368446,-0.216254841512428,0.523325606038845,-0.3584097227655507,-0.3990469575799957,-0.08503591787733841,0.352044746427527,1.3858459699907875,-0.9233548499712348,-0.9056868644942364
0.6960000000000005,0.4462453572518861,2.407173156394803,-6.1434981078429995,-0.1684508292146603,0.4715974824701958,-0.37699316923202203,-0.39903409478886676,-0.08500060115499908,0.3518832104142556,1.3858483810446864,-0.9234169901062371,-0.9057054314889633
0.6980000000000005,-0.16647666566311528,1.2242200853177683,-7.210573344616992,-0.14992371518063385,0.4463434458479558,-0.3470635170152571,-0.399030595441955,-0.08500958017514754,0.35172565702359654,1.3858461768316614,-0.9233883998530562,-0.9056789820821629
0.7000000000000005,-0.11818471168722747,0.5975097728260297,-7.207577047076003,-0.1543898984431774,0.3928753546281823,-0.33690814044609874,-0.39903282542857016,-0.08500346935543732,0.35157871733300783,1.3858487949585163,-0.9234060681505492,-0.905702914483794
0.7020000000000005,0.35314389663096835,0.5716600018295347,-8.11427375719312,-0.1938937429552431,0.4039877964535633,-0.310285112095173,-0.3990339884011441,-0.08500612271472141,0.35143540403001383,1.3858225118189225,-0.9233777858223189,-0.9056892128821321
0.7040000000000005,1.1303570771212292,1.2100467252298652,-7.681564990022811,-0.18984040133122745,0.3829396073375977,-0.314239842027593,-0.399035176775701,-0.0849867946767158,0.35128412892773514,1.3858043809372431,-0.9234094061410691,-0.905752058878937
0.7060000000000005,0.7299349916627744,1.6130867329662313,-5.6359433796483085,-0.18776515647860886,0.46214565879385633,-0.32105146263175516,-0.39903548458037996,-0.0849722803055099,0.351146575603837,1.3857450733718637,-0.923389109799998,-0.9057799395977318
0.7080000000000005,1.2541255374465987,1.623148023884131,-5.870425396466128,-0.14160121196530578,0.48035789313149985,-0.3399989473952825,-0.3990258128272084,-0.08498000805556055,0.350985823389501,1.3857566522448774,-0.9233775506849357,-0.9057584138788226
0.7100000000000005,0.29752364394780895,2.577674605369254,-3.833316657941597,-0.23171485744064285,0.4488703813728771,-0.3104952519961191,-0.3990357838981145,-0.08495506193502558,0.35056382635488614,1.385545950123672,-0.9233418734833576,-0.9058083314679506
0.7120000000000005,1.4134557361139515,2.9937747772662404,-2.632551462036429,-0.2784448336580906,0.5192503444917098,-0.32462995895916624,-0.39902835380666507,-0.084939627532159,0.3503925295353864,1.3855977873535585,-0.9233945718704946,-0.9058489459215584
0.7140000000000005,1.8173200676271453,3.419842550123194,-1.8748065093362805,-0.2669772754935829,0.5982829090080869,-0.3814429902936817,-0.39902744845472,-0.08492721860067674,0.3502645804692673,1.3854931803262198,-0.9233740599993584,-0.9058839795188238
0.7160000000000005,1.5895081338246342,3.6127930159118096,-2.7166701306492835,-0.22571756711033297,0.5773873476758341,-0.3571107846863215,-0.3990377988195268,-0.08493736280735417,0.35011175757668417,1.3855229622668694,-0.9233719647397294,-0.9058962658802849
0.7180000000000005,0.3916926947145136,2.867907739437026,-4.034189199542,-0.21282907475042342,0.5092361181788176,-0.36235804872317906,-0.39903685769398495,-0.08493037157731778,0.3499919315359821,1.3854180836980505,-0.9233182078940033,-0.9059449198756915
0.7200000000000005,-0.16987129598014533,2.0368536937150767,-5.372165840436968,-0.2136273772490707,0.4312737619938348,-0.3377160434842957,-0.3990301937331595,-0.0849264253976935,0.34982330532128625,1.385490403439153,-0.9233560263881554,-0.9058525550865691
0.7220000000000005,0.032820453805595395,1.2613426883446999,-6.296041311956601,-0.21766972832045642,0.393613397698903,-0.30584240077025193,-0.3990348873685437,-0.08490837224708175,0.349691109791561,1.3854664528111669,-0.9233200390557862,-0.9059416618036409
0.7240000000000005,0.4684218767927779,0.7468139355803732,-6.16016966939021,-0.21160868153959025,0.41866461564327884,-0.3133435030128555,-0.39903881873866004,-0.08490346011641547,0.3495368373144979,1.3854422145981693,-0.9233782689638147,-0.9059176886309955
0.7260000000000005,0.49985355675633036,1.2538747465425184,-6.014964853035513,-0.17829906745242324,0.45228044266637013,-0.3145112372682658,-0.39902990158757534,-0.08491838030358183,0.3493919434520432,1.3854678364237472,-0.9233301327500887,-0.9058982149189069
0.7280000000000005,0.7423883052789907,0.7661186741520463,-6.172427147737646,-0.16073928174711968,0.4407147334267105,-0.3304440059461303,-0.3990359523225818,-0.08489429623228224,0.3492658687036618,1.385360022592603,-0.923341338825604,-0.9059588535562684
0.7300000000000005,0.19598294597965646,0.43945925182974066,-5.409575299815146,-0.14879924976657083,0.46424794905529737,-0.30949029855594457,-0.39902505817394646,-0.08489131257916394,0.34912247615715064,1.385288536436173,-0.9232927698458332,-0.9059739000009864
0.7320000000000005,1.5545374451231453,0.3704540597446463,-6.187905389345845,-0.1602191427373027,0.40789842285087263,-0.2995175095027863,-0.3990383261584454,-0.08488823768458903,0.34895578098353347,1.3853658325783775,-0.923303015991147,-0.905968676917928
0.7340000000000005,1.3961164137669777,1.2101426672742082,-4.053576999791351,-0.2198194059902119,0.46318187411947265,-0.28546055495791184,-0.39903124654087346,-0.0848556019907729,0.34880900635445977,1.3852702905443002,-0.9233303607998334,-0.9060152092144227
0.7360000000000005,1.967109363289537,1.9145682009663905,-2.289432274537923,-0.26516049729317515,0.5473467826357029,-0.28977007857758014,-0.3990271607025068,-0.08485591782194765,0.3486706480459759,1.3851960275094735,-0.9232916094546691,-0.9060381070391582
0.7380000000000005,2.423909637826887,2.7738909877220457,-1.3819381429053144,-0.27458134326666184,0.5882279361445617,-0.3291174623299821,-0.39901793970605776,-0.08485935831882976,0.3485200653690232,1.385194060358768,-0.9232966630442481,-0.906055220893238
0.7400000000000005,1.93151669723854,3.8251273550890996,-0.912715779144108,-0.2620802381887267,0.6034017198504342,-0.3407068377296488,-0.3990255367224527,-0.084845871418581,0.3483576694713732,1.3851718190786226,-0.9233467888098004,-0.9060792462414455
0.7420000000000005,1.174739129248189,3.738849776412261,-1.860993771252332,-0.2677960313655784,0.5997266087070023,-0.3493638350328499,-0.39902340479049375,-0.08484229794039064,0.34821898385258765,1.3851532107928457,-0.923290403218466,-0.9060952521961776
0.7440000000000005,0.7890606731030713,2.159078980397899,-3.5413774018602973,-0.2530156424680416,0.4637726093413768,-0.3205769471275614,-0.3990237752054907,-0.08483585097138725,0.3477423386134455,1.3852983112812847,-0.9233740293053054,-0.9060584569158978
0.7460000000000006,0.8337966587491986,2.195730953548646,-3.9026842951957605,-0.22860935048834047,0.46775179152966817,-0.3388362384195796,-0.3990386481321749,-0.08481480038927858,0.34759662236204086,1.385339919969183,-0.9234337785301284,-0.9061468236209171
0.7480000000000006,0.5750649908471003,1.7844552930362574,-4.995812450162895,-0.17854980963023406,0.46812577585231185,-0.32578940399948947,-0.3990360850376543,-0.08480553733583647,0.34743233858611006,1.385382788425915,-0.9235126450770059,-0.9061203975855268
0.7500000000000006,0.5237683731265769,0.7920725570899907,-6.156244417238361,-0.1709539766627788,0.41797616824090605,-0.31710016804245333,-0.39903357405659745,-0.0848165474434957,0.34728643187910774,1.3853748233950784,-0.9234489465350751,-0.9061075525439272
0.7520000000000006,0.07933258625673634,0.8992296302919391,-6.414801582179878,-0.1784366728193061,0.3846926327429186,-0.27941204798030217,-0.399041302946636,-0.08481018438134505,0.347130802734555,1.3854084222524203,-0.9234487547918081,-0.9060993668942698
0.7540000000000006,0.9873605799106528,0.7878575296238814,-5.630851703207975,-0.2216800284536709,0.4152064018359339,-0.25995277152739893,-0.3990395392996193,-0.08479446407464883,0.3469792247675186,1.3853979638409963,-0.9234715115056505,-0.9060963531937527
0.7560000000000006,2.238324121213512,1.1269266074409405,-4.355434294882756,-0.2596455341662029,0.4765207698605892,-0.26434395843309005,-0.3990462166751255,-0.08480369062287992,0.3468149941919443,1.385480710579732,-0.9235042454809902,-0.9060685014788423
0.7580000000000006,2.068943684355669,2.1458165420999977,-2.50625493661296,-0.2483035484384013,0.5689497187379321,-0.2878286276707944,-0.3990439978025936,-0.08478742853670126,0.3466830890313058,1.3854107644989466,-0.9234903988848419,-0.9061453613221144
0.7600000000000006,2.3328356752287966,2.3386886648747853,-3.3310513353252937,-0.24253383800700845,0.561528992597433,-0.30721330615435716,-0.3990531241308202,-0.08478030365625958,0.3464982115527407,1.3854953996241854,-0.9235796575825186,-0.9061394912008084
0.7620000000000006,1.289521770009462,2.821227267285895,-4.234727351002059,-0.22911352883094008,0.5004486207539497,-0.31426953286195863,-0.39904717009670904,-0.08476721271696987,0.3463492999950462,1.3855199881274038,-0.9235975900627723,-0.9061885851355428
0.7640000000000006,-0.37723668032327573,2.882654845577746,-5.967326971584417,-0.21963131906545968,0.4393307550084783,-0.31663556889290334,-0.39905185453199277,-0.08477907644899076,0.3462099248252146,1.3855008871019783,-0.9235713306152322,-0.9061366204884498
0.7660000000000006,-0.47845451877394457,1.978171881139632,-7.295383029537779,-0.218182344116868,0.35661101432563014,-0.32094849746800463,-0.39905909028607195,-0.08477341942945504,0.3460609059068798,1.3855167408322349,-0.9236174171660878,-0.9061742583143644
0.7680000000000006,-0.8870074458689812,1.8567964162849964,-7.2468460644692865,-0.22733889854075462,0.37039589362163927,-0.3244287708616566,-0.39905676088319875,-0.08475609758276427,0.34590924421539254,1.385542500373718,-0.9235932113121766,-0.9061885652475864
0.7700000000000006,0.38247906371116613,1.8085176579929854,-7.036793771937901,-0.218435979010626,0.36286659594219767,-0.3168255852674976,-0.3990513415217912,-0.08473499843788537,0.3457352220151445,1.3855984014937819,-0.923701724290345,-0.9062140516336774
0.7720000000000006,0.5196192077095092,1.9399362203216834,-5.878459680368872,-0.1970504984154888,0.42268632816973506,-0.32610615831761625,-0.3990581720138016,-0.084766434093457,0.34558606114756363,1.3856701278160783,-0.9236511609074778,-0.9061304525300965
0.7740000000000006,1.125169908865366,1.3766092464807533,-6.254496095718032,-0.17100508982603588,0.4651059877983214,-0.2987868219407863,-0.399058776255269,-0.08473581452846748,0.3454295496398386,1.3856116081972987,-0.9236859524509685,-0.9062178366397308
0.7760000000000006,1.2290006939831137,0.5630951486029483,-6.855277290217213,-0.15425558768817074,0.43516321418973,-0.28899646358823594,-0.39905787661958914,-0.0847372185814333,0.34528787356223795,1.38560755904754,-0.923666712391757,-0.9061996818233744
0.7780000000000006,2.477439473210609,0.7624254035430912,-4.12028019301845,-0.2339655091888826,0.4865120655647845,-0.2462425041763486,-0.3990526418493763,-0.08473020312119472,0.3448457038370871,1.3856026463787916,-0.9235953688486696,-0.9061816304419433
0.7800000000000006,2.2504582122638404,1.276479327204675,-3.795461889025503,-0.23342222796325982,0.5593603580287921,-0.25950243591918365,-0.39905139822816094,-0.08470754041312328,0.3446830650407942,1.3856258993433501,-0.9237114982569002,-0.9062494900502663
0.7820000000000006,2.0907114473536477,1.4407427036162836,-4.626655007064742,-0.1826031347428742,0.4997963595875936,-0.28353800522342887,-0.3990558594324345,-0.08471095364461215,0.34456141761415016,1.3855075305143214,-0.9236724686927844,-0.906242524652408
0.7840000000000006,0.6145478121632895,1.4212811444950544,-4.891108697346985,-0.17306579231872252,0.43471496318610586,-0.29014236908539437,-0.3990618243479475,-0.08469637142843764,0.3444085739666444,1.3855086988929803,-0.9236797289890272,-0.9062584294486217
0.7860000000000006,0.3498956934335475,1.4308929876832193,-4.8640436840861945,-0.21343307777143017,0.3957170311014682,-0.2741231956196684,-0.3990623222710685,-0.08469150798696468,0.3442674583124508,1.3854773969567555,-0.9237033626784907,-0.9062878135839703
0.7880000000000006,0.09614080867845554,2.122864606947208,-4.759667755026651,-0.2392524999104269,0.41747453842068444,-0.27610055491055546,-0.39906556494326473,-0.08469544346616226,0.3440941546567991,1.3855489413439688,-0.923710780346076,-0.9063206361773707
0.7900000000000006,0.6148582936777836,2.2110443734623706,-4.831484893949154,-0.2561432581668297,0.46239736741352455,-0.29153716251977496,-0.3990650286997021,-0.08469020006961961,0.34397324914381006,1.3854730554342103,-0.9236919044651783,-0.9063230712864683
0.7920000000000006,0.4229502139394131,2.5580413789254814,-3.446443370384561,-0.24511999033498336,0.4830703600082924,-0.30715634686206045,-0.3990565883320955,-0.08467948170078562,0.34380911402549147,1.3854940255964128,-0.9236976052861612,-0.9063265486303117
0.7940000000000006,0.5079847247797559,1.958216591822199,-4.217271835267195,-0.2189664380629745,0.4781866998392701,-0.3028929906215294,-0.3990593908020849,-0.08466797963290344,0.34365486289737296,1.3854915546525932,-0.9237459016675821,-0.9063393156327727
0.7960000000000006,0.7946026787868083,1.393772015897702,-5.244960240231042,-0.1902963213813766,0.42405895591985004,-0.28802000116321474,-0.3990637698494517,-0.0846660084154458,0.34351437614008,1.3854150792144253,-0.9237267414123583,-0.9063417535774202
0.7980000000000006,0.862231610067802,0.8727078029197122,-5.2967592864813575,-0.21619132023931184,0.4378435369813033,-0.26115891130603297,-0.39905387178124807,-0.08465196020343763,0.3433741394309957,1.3853920986774924,-0.923689675483711,-0.9063561874367696
0.8000000000000006,1.5180057924871986,0.5766655538414321,-4.192604731011224,-0.25480890547215773,0.47887733350741135,-0.2403251403686436,-0.3990637844328385,-0.0846631654962991,0.3432147383626103,1.385480012121752,-0.923671617481832,-0.9063795201168249
0.8020000000000006,2.47057462582566,0.8716904860138104,-3.893645093993514,-0.27153947944275186,0.4959256303251689,-0.240146163591982,-0.3990556269893592,-0.0846445201254718,0.3430718110722368,1.3854269003633857,-0.9236747712788259,-0.9064224815748787
0.8040000000000006,2.1836145852329003,1.345923022465289,-3.030498822410212,-0.25190507787832206,0.5209024793497784,-0.26799405185600994,-0.3990664009805412,-0.08464532407796777,0.3429214242018707,1.38542081246,-0.9236783070917287,-0.9064399311673486
0.8060000000000006,1.7227624939906039,1.2580236287730817,-4.072159001127898,-0.21517815369647694,0.5145668580653048,-0.26300723904702683,-0.39907452295403534,-0.0846415192630767,0.34276271045257534,1.385388763042909,-0.9236916630946982,-0.9064232897482053
0.8080000000000006,1.2141753302965792,1.1407290229515876,-6.002370998629833,-0.19830107812402986,0.4594403576856797,-0.2593493179403184,-0.3990722898384622,-0.08463757604980443,0.3426139293053209,1.385384963680402,-0.9237068203414163,-0.9064306790109928
0.8100000000000006,0.6895377628519992,0.8232688215073879,-5.9623603278758095,-0.1995177941507222,0.384712386571333,-0.25838397544830477,-0.399084330141684,-0.08464310600802152,0.34246498298383515,1.3853713363826001,-0.9236859661239278,-0.9064707871370691
0.8120000000000006,1.1420403008059887,2.918287492541935,-3.9111313973727166,-0.25287407647393334,0.5079896287241507,-0.3021630509693304,-0.39909049557455933,-0.08459173724689996,0.3418641580409816,1.385284963917088,-0.9237803190184645,-0.9065788762706406
0.8140000000000006,0.8466340946239485,1.800819577967911,-3.905018231742238,-0.24172534660769843,0.47643434440729454,-0.29829474760279484,-0.3990818295361171,-0.08461921169907094,0.3417102038099721,1.3853019890217086,-0.923716082191123,-0.9065156751155206
0.8160000000000006,1.0221957261208243,1.493726521566323,-5.228256873557559,-0.24175570231582055,0.4297915173814651,-0.2583377116964018,-0.39907630852787984,-0.08460382202783417,0.341565486518251,1.385304875321821,-0.9237342339906814,-0.9065396008564324
0.8180000000000006,1.4716254947137795,1.1084933038621572,-5.496828296081194,-0.243489759178191,0.4164368471201361,-0.2487352875867136,-0.39908548431422386,-0.08461080653483835,0.3414065061460682,1.3853700667128583,-0.9237259118746746,-0.9064899265349893
0.8200000000000006,1.5494450162243525,0.9233196525728082,-5.520775310749145,-0.256305820659652,0.458638785529793,-0.25619078621294245,-0.3990887087600218,-0.08458574934907286,0.3412452974749473,1.3853881040273495,-0.9237970594841242,-0.9065627768237724
0.8220000000000006,1.2213643506694258,0.8192704989472637,-5.178042560200948,-0.20190876954472983,0.46998421123581563,-0.2597088969740173,-0.3990909519795437,-0.0845947064692119,0.34108774002351616,1.385415626460278,-0.9237817435562596,-0.9065287990055154
0.8240000000000006,0.9696364567686631,0.21193294789432543,-6.769730627344292,-0.1833852124383763,0.45329276318230294,-0.26416148368863873,-0.39909323850652595,-0.08457773959582669,0.3409455885402434,1.3853996497737193,-0.9238132383453873,-0.9065731785141938
0.8260000000000006,0.7475653886747129,0.031575449436819614,-7.64468353735875,-0.14507204870381765,0.34150977470136384,-0.25674771302520727,-0.3990974744690007,-0.08458792536917319,0.34080283085253876,1.3854042831391238,-0.9237770481261174,-0.9065556307189406
0.8280000000000006,0.45628192654299193,-0.5561239948795587,-7.704324979906192,-0.18010297586612928,0.34531650560370986,-0.23283259715350027,-0.3990993847812296,-0.08456619434428055,0.3406534343841356,1.3853175811956189,-0.9238096003220246,-0.9066398265766188
0.8300000000000006,0.8757420878584663,-0.4760623216044437,-6.222464063661504,-0.1966795946359169,0.3663628690974222,-0.21666031052523516,-0.39908858106025924,-0.08455657874808198,0.34049204224304747,1.3853494348879631,-0.9238091731741492,-0.9066139578954198
0.8320000000000006,1.4963353776783264,0.7162078495660843,-5.13274232941778,-0.21585358624613632,0.41161302502358643,-0.2316182016206051,-0.399093620634761,-0.08456602224057883,0.34035305612210826,1.3852996061235023,-0.9237696294461035,-0.9066049059005071
0.8340000000000006,1.7371409077607127,1.5142936453283413,-3.756282511635396,-0.23686523356828054,0.5030948329973883,-0.2535833594628823,-0.39910114227472754,-0.08456586199250309,0.34019794196688263,1.3853359677661503,-0.9237615042991862,-0.9066262462306071
0.8360000000000006,1.9445291241317104,2.310129382672132,-3.2401561588684427,-0.24289397570045154,0.510651407029466,-0.27004167782770705,-0.39909246151742594,-0.08455904742688476,0.34006853845750623,1.385203351428738,-0.9237061332459929,-0.9066510689688883
0.8380000000000006,1.3930214490373654,2.4529115668241634,-3.6014203459687177,-0.2521952913120876,0.5045590465902727,-0.2553996364523848,-0.39908784517565704,-0.08454838820401701,0.33990225188230294,1.3852767854452226,-0.9237566740913721,-0.9066606825470838
0.8400000000000006,1.6511356380892164,1.7963432268258201,-3.6969509695164344,-0.26788122743798437,0.47450519170946764,-0.25486122301054576,-0.3990970423215925,-0.08453861277595438,0.33978531172882426,1.3851499291074338,-0.923757346648904,-0.9066697519048985
0.8420000000000006,1.6985489974966572,1.626708740697493,-3.8284735328201114,-0.29690451775684656,0.470844693538536,-0.24587856057518953,-0.39910258947910643,-0.08452227501635946,0.33962066324683476,1.3851631500910273,-0.9238139363334512,-0.9067159161324895
0.8440000000000006,2.046447245966336,1.983230721017811,-3.925018105786791,-0.2967381102507831,0.4755683614427343,-0.25093008433362446,-0.3991044636666967,-0.08452666629739,0.33946137775920987,1.3852528140212221,-0.9238295192686455,-0.9067268612590823
0.8460000000000006,0.3122264295097384,0.35103858818132583,-6.950399145290249,-0.16781893088763594,0.40206804650196637,-0.25701272245651974,-0.3991126581875861,-0.0845145128591816,0.3390333319140159,1.385286552589678,-0.9238515504715921,-0.9067610265424649
0.8480000000000006,0.42467948721682125,-0.20255876633735231,-7.833087618824012,-0.15343163430393078,0.3058054672375402,-0.20967538460283283,-0.3991053717076455,-0.0845131042959389,0.33887646375728764,1.385361815099384,-0.9238690513904632,-0.9067078788733408
0.8500000000000006,0.3914274391168627,-0.7483429064592497,-7.072235202150952,-0.2053233139166863,0.32981043565500506,-0.2036627232246639,-0.39911741932212086,-0.0845149234329253,0.3387443776647038,1.3852796180088696,-0.9238468505037039,-0.9067300324620119
0.8520000000000006,1.2148410502509996,-0.26882634014291545,-5.437261032756317,-0.21579482001430136,0.38611668766271073,-0.18855596686571566,-0.39910856014381657,-0.08449851962748989,0.338586749127693,1.3852748840281293,-0.9238413686522676,-0.9067567623009918
0.8540000000000006,1.7885795954125643,0.5193640435569208,-4.002592817863719,-0.23130584091224066,0.4829362634566764,-0.2095235127784104,-0.3991251608107988,-0.08449220165295042,0.33845793991544976,1.3852534191605639,-0.9238596785534234,-0.9067947484740215
0.8560000000000006,2.2994385144248723,1.2553280086339451,-3.2778384627544863,-0.22717256887225845,0.5198612416225,-0.21495272114363362,-0.39912802953294807,-0.08448748166250189,0.3382826402977377,1.3852915427080879,-0.9239170386189688,-0.9068282660659622
0.8580000000000007,2.2137467708585814,1.5327742422012323,-2.1750220132966365,-0.2330352827570257,0.5084287692483705,-0.22641575954388343,-0.39911889693401936,-0.08446833617024851,0.3381536681997099,1.38519617060116,-0.9238791468842557,-0.9068453971592579
0.8600000000000007,1.6601146378181693,1.4717797077903785,-2.965498118351229,-0.26544759002283463,0.4939365763867483,-0.22722563146563501,-0.3991240717003587,-0.08448029411588565,0.3379864841046974,1.3852468692494628,-0.9238973984774721,-0.9068246596600716
0.8620000000000007,1.3302811397993413,1.5003586605608783,-3.603340150165473,-0.27269687294561273,0.48025690078127764,-0.22927279022818234,-0.39912948973216783,-0.0844680867237273,0.3378464784206735,1.385184701849738,-0.9239176654342789,-0.9068304674705162
0.8640000000000007,1.5813867649660145,2.07514153658749,-4.10352305273108,-0.283130595610532,0.43925175623853024,-0.234932970213105,-0.39913665100504186,-0.08446650642024287,0.3376979001683504,1.3852497210975485,-0.9239326723646712,-0.90685440914967
0.8660000000000007,1.0081331521354762,2.298038831155633,-3.0193450582878905,-0.28686382476397254,0.4580441551913082,-0.2570721329396093,-0.39913401909740065,-0.08444321729968665,0.33755226708212566,1.3852061051240014,-0.9239739438702566,-0.9069209676051831
0.8680000000000007,0.8983541104484093,2.177889315596724,-4.4582442744396795,-0.251804929193011,0.4619324972388608,-0.2585539432636793,-0.39913584702626376,-0.08446962979383223,0.33740038048477566,1.3852710985254801,-0.923953425348805,-0.9068268173008542
0.8700000000000007,0.907521678487533,1.1739039237048754,-5.0431085866903524,-0.21796921192892255,0.43485795126706117,-0.251712780552331,-0.39914490360522537,-0.08446534955774881,0.3372554053568888,1.3852637331570565,-0.9239137668502748,-0.9068861894326995
0.8720000000000007,0.6639953326825545,0.24454205068297014,-6.214025478652461,-0.19474007218166248,0.3892914236790361,-0.23961257615868434,-0.39913693778061377,-0.08444811586280815,0.3371119092443813,1.385276727542585,-0.9239160197382627,-0.9069292123225592
0.8740000000000007,0.7906610246607622,-0.49211904475867463,-6.539779927734568,-0.21673988492383542,0.3668670716012938,-0.2032779423737577,-0.39914542561540667,-0.08444900110691164,0.33694442937393143,1.3853574521531071,-0.923947576962189,-0.9068640165302514
0.8760000000000007,1.2217837462785797,-0.6196483950199325,-5.017990037237414,-0.21248132506522527,0.3812152693896528,-0.19231835713209725,-0.39915734050947527,-0.0844343539434736,0.33680293730914207,1.385309602144766,-0.9239861493061599,-0.9069495449874339
0.8780000000000007,1.9764398318515006,-0.45987703814184566,-4.234833470386664,-0.21437658981501745,0.44376656837215633,-0.19281265721242627,-0.39914464772666375,-0.08443996773251666,0.3366389288104419,1.3853583683371484,-0.9240130229624831,-0.9068996728005573
0.8800000000000007,0.8585055585379623,0.25666632599590766,-5.898223285375221,-0.21647426249485174,0.4041715439522444,-0.19141698938529714,-0.39913708055104524,-0.08441297117219299,0.33618102621516077,1.3853438431056821,-0.9240047374210978,-0.9068976561896216
0.8820000000000007,0.9813705532280612,0.5281931896496361,-5.094038204540513,-0.2350387458651923,0.36647277105274273,-0.186452931346602,-0.39915875932087674,-0.08441536936213664,0.33603949589481,1.385307475522643,-0.9240273160625806,-0.9069656835036907
0.8840000000000007,1.257572876201439,1.0125667553589812,-5.178891447385586,-0.277463332608639,0.4257103053062386,-0.2126165503017128,-0.39914344330856844,-0.08440291939095379,0.3358805417899733,1.3853504157379108,-0.9240637702623864,-0.9069627556240053
0.8860000000000007,1.7696911937237898,1.9158502985508754,-5.310432000384947,-0.26142112697554143,0.4437194507649842,-0.24077892386320693,-0.3991531945885793,-0.08439767270951626,0.33573115275905097,1.3853604910803123,-0.9240961110768446,-0.9069747318247742
0.8880000000000007,0.8058818425646089,2.2976221799981467,-5.649051657520331,-0.24838317121748418,0.4348098397013308,-0.2514211392231108,-0.39914638257318924,-0.08436478594704885,0.3355968183920743,1.385284426438627,-0.9241228707987655,-0.9070853994080919
0.8900000000000007,0.38108033823530674,1.2156045431451232,-6.4845142492383,-0.20587448768121822,0.3782664633359636,-0.26066813968160246,-0.3991504002089056,-0.08436790921639638,0.335441772498762,1.3853397900645004,-0.9240794694009601,-0.9070699990967355
0.8920000000000007,-0.274539155640504,0.38672794884905565,-7.72767683776216,-0.19430713186556808,0.3371987112186089,-0.22649632091632257,-0.39915284318831756,-0.08437697981937078,0.3352886559362999,1.3853141966609854,-0.9241147593703336,-0.9070310537799309
0.8940000000000007,0.6981938010828307,-0.43608360374696264,-8.271136781030219,-0.18766772081988176,0.2983132580590357,-0.20938727565673665,-0.39915290005813664,-0.08436770912788923,0.33514597265957524,1.3852958080907527,-0.9240917043556759,-0.9070536942366692
0.8960000000000007,1.4302787869679476,-0.4705749516023867,-7.015022479127854,-0.2169942636053074,0.3633506723777986,-0.1921559025393886,-0.3991551223729565,-0.08435456430941549,0.33500915014205995,1.3852186888994085,-0.9240954097687537,-0.9071103716064295
0.8980000000000007,1.96227299090024,0.025391166480496108,-4.707142103568897,-0.22825193027228646,0.41273754480547287,-0.18804547797269885,-0.39914259509982536,-0.08433747581443407,0.334864805286749,1.385168675225319,-0.9240771540520687,-0.907116835673021
0.9000000000000007,2.147210282211689,0.16078821041971714,-4.460781554124158,-0.22501656984099286,0.4582862999237282,-0.19128746386158,-0.39914552654701285,-0.08434532856959051,0.3346989880336166,1.3852217669036677,-0.9240749066669894,-0.9070975881282088
0.9020000000000007,2.184467965651249,0.02098222057493515,-5.134262977362142,-0.21270211815037338,0.45645600027556055,-0.19573949190001702,-0.39914247294635846,-0.0843465170757232,0.3345721698428887,1.3851545302668298,-0.9239742749073175,-0.9071263011703605
0.9040000000000007,2.095339089270178,-0.2657561300882979,-4.642745465005447,-0.22792628924858227,0.4430229520653655,-0.18489789640522103,-0.39914559021361273,-0.08433668567593555,0.33441943047393125,1.3851005640875802,-0.9239992552936489,-0.9071306151745099
0.9060000000000007,1.9467874270719767,-0.2994795218766314,-3.8702298765964227,-0.27514493792723027,0.46236989814285945,-0.1663389009247992,-0.3991374003204677,-0.08431907511814485,0.3342857521301517,1.3850228881506086,-0.9239817672358956,-0.9071714381929966
0.9080000000000007,2.306212686839155,0.8396061674841403,-3.4321631674577473,-0.28088454315344036,0.45074427875309525,-0.171091691133554,-0.39914630253605465,-0.08432280720853551,0.33412355385674175,1.3850835298434445,-0.9240157876224893,-0.9071753101970271
0.9100000000000007,1.7380025874408997,1.5324640131027334,-2.6247689450665384,-0.30479701096384737,0.5007537223873914,-0.20021622237744843,-0.39914991444957204,-0.08430763883477435,0.33397653076605605,1.3850257089951608,-0.9240722070121621,-0.9072240980335146
0.9120000000000007,1.276551855150537,2.2567277916644333,-2.7357412206110006,-0.2766562518040542,0.4959448198275269,-0.23436632505913832,-0.399157914922318,-0.08430681975936655,0.33383950878536084,1.3849886470584158,-0.9240278838305787,-0.9072230783144185
0.9140000000000007,0.2765401046178573,0.42670536673227355,-5.16790655504966,-0.2511258884202325,0.365644758488956,-0.19678042297416068,-0.3991630784213822,-0.08427443111993813,0.3333842896295519,1.3849618356265927,-0.9241006987982139,-0.907328125760769
0.9160000000000007,1.2984571295824163,0.3190751371572127,-4.782664226304262,-0.25316681898160215,0.3857506376934734,-0.1769098554416721,-0.3991581139064454,-0.0842993191846868,0.3332176735138676,1.3850572783326909,-0.9240510925331572,-0.9072310535461969
0.9180000000000007,1.5415712830477124,0.42563947171763844,-4.542652580742673,-0.2637239153794321,0.4602114332761573,-0.17348634565888257,-0.3991688853429014,-0.08427945179186823,0.3330771119871331,1.3849710924502576,-0.9240411104527106,-0.9072995898285661
0.9200000000000007,2.178168056525307,0.1777583216357005,-4.240765252127184,-0.20724735154066198,0.45864618439271837,-0.1779404482709237,-0.39916821716004763,-0.08427811811414579,0.33291276943759934,1.3850146861042292,-0.924056212870905,-0.9072985900855598
0.9220000000000007,1.653263620126657,0.02717367217572897,-4.292169497858069,-0.2128450879045746,0.4591987014971735,-0.17330931296643187,-0.39916691146322086,-0.08425736358888092,0.3327787789259969,1.384944499688145,-0.9240836606427025,-0.9073521395407996
0.9240000000000007,1.9532303258539185,-0.35187197216693,-5.184207516496622,-0.22887927545226866,0.41709652314288365,-0.1545121037757758,-0.3991696319699549,-0.0842732229402809,0.33263191641123585,1.3849345737469885,-0.9240090355876093,-0.9073318269838545
0.9260000000000007,2.3708860232890325,-0.40584845892044374,-4.785423500611889,-0.25656023298101877,0.405736667760393,-0.15076837900133358,-0.3991836496097169,-0.0842721420049939,0.3324742655240314,1.384950468766882,-0.9240441897182227,-0.9073240512876645
0.9280000000000007,2.656480801975781,0.277725129726048,-3.312066176334838,-0.2800625523274482,0.4488860576161825,-0.1395430153659158,-0.3991667954774899,-0.08424883637841897,0.3323056398581322,1.384970657496344,-0.9241046467992655,-0.9073689344010671
0.9300000000000007,2.5860305780204,0.7716764174233046,-3.357976816143804,-0.29488892073011463,0.5010327465988795,-0.1744519118228788,-0.39918890508674953,-0.08424898416337578,0.3321466458967129,1.3849921276743267,-0.9241217127869413,-0.9073807050251199
0.9320000000000007,2.207695105576604,1.6437581634153446,-3.2067044333070887,-0.26009361147193055,0.4961049405710028,-0.19546412751595693,-0.3991940446733404,-0.08423521810903294,0.33200524969148437,1.384975067429383,-0.9241313399178985,-0.9074274623730653
0.9340000000000007,1.627776534179151,1.7042222502696664,-4.34612260442521,-0.2388428593274473,0.4542903459220849,-0.21411531244361434,-0.39919324998940825,-0.08423217811318812,0.33182726777590754,1.3850214155119618,-0.9241704391617633,-0.9074239377673299
0.9360000000000007,0.8624107987714378,1.2247863162710901,-5.272597886559053,-0.24874540431232509,0.3898511899649887,-0.21078771997303944,-0.3992059142574514,-0.0842287379324404,0.3316770301260376,1.3850361393183288,-0.9242048715256953,-0.9074357011510472
0.9380000000000007,0.5257218422239123,1.3165633324502903,-5.535319672331582,-0.2668326260138358,0.364294769909207,-0.18593371351010718,-0.39920588839549515,-0.0842347024240507,0.33154206756110105,1.3849671503710546,-0.9241777192975814,-0.9074101821809836
0.9400000000000007,0.9411504936395534,1.1527236079622845,-5.79684011121461,-0.28973685447629116,0.3784283790076594,-0.17634554760492688,-0.3992154633894671,-0.08423612680313224,0.33136380901051415,1.3850736338015628,-0.9242123953094473,-0.9074062764663059
0.9420000000000007,1.8841635244193997,0.943732746757343,-5.2902619714573245,-0.27885261262062977,0.41153076335321787,-0.18398620287161654,-0.3992242550476379,-0.08422029359365432,0.33119874531485394,1.3851149400052682,-0.9243039909186821,-0.9074449985551876
0.9440000000000007,1.884656166494293,0.8762136492375551,-4.7559633964011025,-0.25659034386392643,0.4593267901015137,-0.1935305400093131,-0.3992242511343758,-0.08422636665929444,0.3310513913380309,1.3851387044678136,-0.9242980103419386,-0.9074215025313098
0.9460000000000007,2.146713622036412,-0.3960748321878421,-5.460775224012689,-0.21789366938796922,0.4258309641384158,-0.200845309897676,-0.39923831571977425,-0.08421734842916112,0.3309039966373694,1.3851336424385097,-0.924302243368281,-0.9074944966318801
0.9480000000000007,1.8548770419650116,0.00023424386861958801,-5.755511988798047,-0.26436742124777607,0.407874079154988,-0.13810800995848632,-0.3992490733782773,-0.08421411386719893,0.3302727895574802,1.3852729341150125,-0.9243798750195825,-0.9074482491617051
0.9500000000000007,2.0331839997339656,0.3899503926350979,-4.824001668337157,-0.2515357008415327,0.46847606985639745,-0.17176921185229418,-0.3992628416232548,-0.08421688220612422,0.33012009860526353,1.3852994179920097,-0.9243667882533638,-0.9074906258977996
0.9520000000000007,1.7586530301170493,0.9354396270499141,-4.572589189680529,-0.2312235380698022,0.44767105863917334,-0.17427062439524704,-0.3992610435446821,-0.08420358303580458,0.3299815161304701,1.3852453398821625,-0.92439115683435,-0.9074958887223109
0.9540000000000007,1.042882572564861,0.6098768912276615,-5.208009996102938,-0.24661922974110312,0.39574552564243004,-0.18499865098952015,-0.39927418964527817,-0.08420594421363019,0.32985010584973506,1.385168177858592,-0.9243934191682681,-0.9074970155191988
0.9560000000000007,0.5584152566255558,0.47279897353923755,-6.145200023647315,-0.23972305740060085,0.3483246707935388,-0.1735493477769417,-0.39927244761301023,-0.0841916729239309,0.3296866263500278,1.3852337151942604,-0.9244520051995284,-0.9075162093160233
0.9580000000000007,0.38527009650874067,-0.06614382117075314,-6.8831484854671325,-0.24761975107730375,0.3484555316435151,-0.1712631666935831,-0.39927950851893157,-0.08419295995476336,0.329541600897055,1.3852624722154059,-0.9244283126452301,-0.9075307471609484
0.9600000000000007,0.30798315594047154,0.42346821078804775,-6.607740864450156,-0.25527608853352135,0.3509105182832921,-0.16295970820145717,-0.3992754229800311,-0.08416995390156565,0.32938571676771206,1.3852752447622685,-0.9244956775930769,-0.9075673488497802
0.9620000000000007,0.0636697427017138,0.35986028238523404,-5.705351396712803,-0.2501405404470578,0.38358732175445887,-0.1802635073768698,-0.399284662849481,-0.08417509608511922,0.3292371733448035,1.3852366526545514,-0.9244838301587605,-0.9075731107083521
0.9640000000000007,0.9587735100419186,-0.12749076014568284,-6.462829317714108,-0.20106990410441716,0.35563138669786426,-0.17540119406166096,-0.3992783618654769,-0.08417695329982283,0.32907166951181455,1.3853271092478385,-0.9244773740983245,-0.9075671769926883
0.9660000000000007,1.0235637452255109,-0.7494792851481453,-6.473143518158028,-0.1795600910413449,0.3693543934864,-0.1702801750310204,-0.3992806169259009,-0.08416263357888075,0.32894959207952584,1.3852169524825781,-0.9244645372531797,-0.9075937814080075
0.9680000000000007,1.4371777878772667,-1.3232222949184433,-5.653215235888834,-0.21186002036360835,0.37955625597029835,-0.15108613202431181,-0.3992789415739826,-0.08415825705661767,0.3287821652323562,1.3852727962682627,-0.9244635576359059,-0.9075913098482368
0.9700000000000008,1.6387918125521606,-0.7298362072334907,-5.408982295428086,-0.25204346307396497,0.39886994473016657,-0.11394275113467643,-0.39928067093443886,-0.08416384144059957,0.32864089924159395,1.3852976311170815,-0.9244586702463136,-0.907586373099019
0.9720000000000008,2.727037413873064,-0.524108662534813,-3.630070897544368,-0.26604581205084754,0.4440777911002047,-0.11836305847079763,-0.39927474092634546,-0.08414825040301666,0.32851056123004424,1.3851786733839222,-0.9244209017042533,-0.907634744457033
0.9740000000000008,2.8252508373535217,-0.10847352448486114,-2.6565436494147923,-0.2891516462348014,0.5018713237209065,-0.13852957004105754,-0.39927610582593087,-0.08414420439390004,0.3283513210180116,1.385219684441773,-0.9244566876932564,-0.9076137705358569
0.9760000000000008,2.60589223461978,0.772299538428877,-3.7855809958751085,-0.24378215835699182,0.4732289084205993,-0.15461646793950032,-0.3992823944797673,-0.08411983070030969,0.3282190577747948,1.3851561375302324,-0.9244901955486031,-0.90772296510348
0.9780000000000008,1.5121696307161692,0.20425831580931608,-4.2501711405969385,-0.21469348794680032,0.4412404859164764,-0.1599686407109171,-0.39927721076804257,-0.08411418229390857,0.32807421630994066,1.385172221801783,-0.9244815890533492,-0.907701128602773
0.9800000000000008,0.9370664743170033,0.18353385418738521,-4.752312349091849,-0.2317779359794445,0.38521316017549534,-0.15884331102673752,-0.3992850775384593,-0.08411836601170902,0.32792298515712615,1.385181063024255,-0.9244811736589327,-0.9077077383513715
0.9820000000000008,1.1870581048857367,1.1899770402231251,-3.852760248489701,-0.2975090522988095,0.4343500300038227,-0.1688661204231091,-0.3992867526591997,-0.08408530378405973,0.32747524240922526,1.3851427891352466,-0.9245266781670436,-0.9077600858306017
0.9840000000000008,1.4285689844444096,0.7996353727333778,-4.420458360561458,-0.2619531980083386,0.4279464998196513,-0.18029634667302666,-0.39927456945038486,-0.08409292313849129,0.3273280016294392,1.3851606406750565,-0.9245067257126738,-0.9077294020197171
0.9860000000000008,1.0724574076341176,0.26274082816464084,-5.139381621496639,-0.23719894400502167,0.3982325732929241,-0.16606780905408525,-0.39926740409903494,-0.08406641473225607,0.3271801648022802,1.3850948353537753,-0.9245382629611439,-0.9078014527846153
0.9880000000000008,1.0372962514513275,-0.6976644423626691,-5.531396392447584,-0.22957180087140006,0.3732914574684285,-0.13338198917051416,-0.3992812132544725,-0.08407755987688181,0.3270483278486098,1.385038426958795,-0.9244947494203234,-0.9077939983962491
0.9900000000000008,1.697847346388833,-0.6731355355911809,-5.339130377470687,-0.24564024959918357,0.38271865636898994,-0.10280031251824043,-0.39927431941566005,-0.08406131872120592,0.3268860052148917,1.385078808480877,-0.9245094222948028,-0.907774035655815
0.9920000000000008,2.442515306787575,-0.4962348387297071,-4.2420841334039565,-0.266014207995968,0.43377888568592315,-0.1132194579871967,-0.39927264976904375,-0.08405658532171885,0.32671840966346477,1.3851349154446437,-0.9245311950800479,-0.9078079194130957
0.9940000000000008,2.888476361974479,-0.060659753034922104,-3.8640839956806285,-0.2735123109084437,0.4506311016471995,-0.12619591386907428,-0.3992646316701046,-0.08405049339267787,0.32657315954534044,1.3851275653166673,-0.9245012033171396,-0.9077822733550589
0.9960000000000008,2.4324079395762848,-0.21661468511408843,-4.0918766644203215,-0.2534017000839692,0.46212659918741017,-0.1448838143979797,-0.39926307958267254,-0.08404150117294867,0.326439452558436,1.3850527781465678,-0.9245269214880197,-0.9078373625998111
0.9980000000000008,1.7703029677691526,-0.3371563828237857,-5.795421462126787,-0.21786181178535785,0.40293279668383075,-0.14433943026593754,-0.3992720372805409,-0.08403955750683802,0.3262936190282001,1.385017178793848,-0.924528005209111,-0.9078137021987914
1.0000000000000007,1.1081160696745214,-0.47750568975222973,-6.608024032553563,-0.2195944012762821,0.339969912437288,-0.14739540447760976,-0.3992634737282823,-0.08403563399602132,0.32613794589064166,1.3850409737055802,-0.9245025448162459,-0.9078672537586048
1.0020000000000007,0.9236493531406769,0.08878922959972946,-6.631870541597918,-0.26276591751222866,0.33214400028518914,-0.14534085100226582,-0.3992622514315441,-0.08400123481551192,0.325992575810577,1.3849830104919867,-0.9245692930251425,-0.9079051843024338
1.0040000000000007,1.1872007500483788,0.3241346514996647,-6.297406565974556,-0.2897100436262229,0.3850941768640024,-0.1483313174350592,-0.3992667457271186,-0.08400481946364491,0.3258281708182934,1.385049645189387,-0.9245848218773282,-0.9078907750192532
1.0060000000000007,1.6639609842424905,0.7508430848532086,-6.131431990762743,-0.2694945759245704,0.40261888866379725,-0.15491050340391846,-0.3992621246597131,-0.08399246794463305,0.32570865781133024,1.3849359639081809,-0.9245600796687613,-0.9079477818517538
1.0080000000000007,1.3330718215926487,0.515360318356998,-6.07294611432831,-0.2300562710918961,0.39316519389576154,-0.1788660499028525,-0.39924776915170634,-0.08399557032094061,0.32555495508453386,1.3849565035904796,-0.9245527897225668,-0.9078878654996319
1.0100000000000007,1.0680791402223986,0.2439035986434247,-6.980766828597739,-0.21870056850158903,0.36166707529652437,-0.14834367636192602,-0.39926654331414,-0.08398391966574748,0.32541815663955104,1.3848680733836862,-0.9245514933297139,-0.9079661059674657
1.0120000000000007,1.185824892922927,-0.5853583052030684,-7.338906164334002,-0.2258165260026216,0.33881773646175856,-0.12916826633753828,-0.39924976746864227,-0.08396381755985116,0.3252595918041923,1.3849073991281058,-0.9245550083313226,-0.9079761521913444
1.0140000000000007,1.9424742410967966,-0.777699608446891,-6.507943369436272,-0.24472476061516163,0.34304952530744615,-0.11236208705930499,-0.39925041395672345,-0.08396737353347766,0.32511130938149246,1.3848904731406044,-0.9245630397136219,-0.9079670855834325
1.0160000000000007,2.4169213448892775,-0.3994022321274022,-5.038740133010333,-0.23004469635021682,0.43075316416205267,-0.13188704450272382,-0.3992404684614357,-0.08392797878383768,0.3246891097485162,1.3847846220332352,-0.9245130371177751,-0.9080775574472347
1.0180000000000007,1.4051776196548103,-0.05004219153699485,-5.576650073930025,-0.21175486035166066,0.3791028619089958,-0.11192091543068997,-0.3992399834188841,-0.08392936374981709,0.32455050906251187,1.3847292009819807,-0.9244930844927612,-0.9080496800590082
1.0200000000000007,1.5630161785801295,-0.5274185053026861,-5.420284393641485,-0.24620110570806436,0.35626453141363357,-0.10279761446514152,-0.3992369651408658,-0.08390853582676014,0.324392931676205,1.384682439612103,-0.9245220826781905,-0.9080901647816092
1.0220000000000007,1.676233027180542,-0.19322208851602551,-4.652387873860488,-0.27855303336257364,0.37300038129263896,-0.10892817049972188,-0.3992368070855126,-0.08390760663036247,0.32426967781786675,1.3846182755293939,-0.9244764113760823,-0.9081224561566649
1.0240000000000007,1.8986500817306982,0.3723805781750077,-3.387744440331673,-0.30512256037542274,0.4396984702489135,-0.12621849715115246,-0.39924276553831395,-0.08391475920108729,0.3241063473129769,1.3846390185617383,-0.9245130494347276,-0.908094735636645
1.0260000000000007,1.8073182371412515,1.2036340906271612,-2.991414403821863,-0.3052464088192059,0.483796621006537,-0.14975983815957644,-0.39923778595641707,-0.08390771975652721,0.32395835315145943,1.3846120841327336,-0.9244855295557837,-0.9081005069797182
1.0280000000000007,1.346007554110025,1.7049297308827738,-2.8481029404281997,-0.30770159926124396,0.479705963464343,-0.15876613535423764,-0.39924934598571227,-0.08387999081578161,0.3238391543108164,1.3844817883931197,-0.9245096569186573,-0.9082393584296892
1.0300000000000007,1.6364164750704664,0.7850870625321226,-2.9181761429177038,-0.2871311673619641,0.4513098415084314,-0.14803907366644664,-0.3992403233666576,-0.08388557095608777,0.32369469031711434,1.3844563367330793,-0.9244590769758511,-0.9081719145341691
1.0320000000000007,1.514604864832065,0.3952273887541209,-3.5875653588604757,-0.2911941709750606,0.43847927681307153,-0.11856366231804695,-0.3992433808509634,-0.08387156589482606,0.3235453100573316,1.3844253932525288,-0.9244740792914791,-0.9082485223460454
1.0340000000000007,1.9601883339032777,-0.06501960365521409,-2.752809851957892,-0.32087602060135056,0.46949010498835264,-0.09126126717943325,-0.3992510770298947,-0.08388131455360015,0.32339055975286574,1.3844675522352103,-0.9244877858786259,-0.9082297366479615
1.0360000000000007,2.474755299549434,0.3357166109127274,-2.7373724012245497,-0.3348049344476055,0.5186677740056989,-0.09076810986508621,-0.39925470148640946,-0.08386668080065585,0.32324326026260103,1.3844837856359502,-0.9244909181282188,-0.9082339102403457
1.0380000000000007,2.5058957220404934,0.6430069066875232,-1.7761412501526015,-0.33964988937339247,0.5638828338335115,-0.07716385357686935,-0.3992565787978082,-0.08386712020383658,0.3230931209211378,1.3844982303801479,-0.9244919917339447,-0.9082386249499573
1.0400000000000007,2.333696798622191,0.31063081018417804,-1.2213390096108543,-0.34909938756059444,0.6053390836339104,-0.08809688433431263,-0.39926690507980533,-0.08387456632424381,0.322939324683661,1.384498031482128,-0.9245182984096171,-0.9081966967800548
1.0420000000000007,1.0649459301126472,-0.4471530545958612,-0.7479132919466258,-0.3988551301728124,0.6770417933309102,-0.04337704095902436,-0.3992594439532463,-0.08385348681723066,0.32277621773948434,1.3845090444352512,-0.9245639024025811,-0.9082551906092332
1.0440000000000007,2.222925101438386,-1.1146615438004384,-3.5626893781916777,-0.3817083997859575,0.5986714873186874,0.008158254322781357,-0.39927276867710665,-0.08386139638918763,0.32264562585893763,1.3844632621989255,-0.9245373851171904,-0.9082167937218782
1.0460000000000007,1.2122829041830818,-1.6975197233828683,-2.592587107484189,-0.3752483592201859,0.5961947947645837,0.03493264518343222,-0.3992704854370003,-0.0838645034579075,0.32248388766929864,1.3845425167613024,-0.9245261778460169,-0.908232034982282
1.0480000000000007,0.9011715094461868,-1.6938455018186949,-0.3642301939523538,-0.4275109321792341,0.6667072847910402,0.07270873429210568,-0.39928621371472406,-0.08385216300592226,0.3223240673851659,1.3845448073920559,-0.924567118934465,-0.9082727370788448
1.0500000000000007,1.0222221726797285,-1.3681955048463263,0.774783210945998,-0.5049500459753541,0.8835408570035126,0.07416686342498185,-0.39930425837407685,-0.08386617792854018,0.3217573403121344,1.3844536615049223,-0.9244720314542768,-0.9082815018887843
1.0520000000000007,-0.43414216626184166,-1.8292079528272653,1.8326374939765795,-0.5880596610673249,1.0562374566844837,0.070773905534296,-0.3992999205568395,-0.0838530789157839,0.32160562281920846,1.384436354800815,-0.9245232133829963,-0.9082486164585418
1.0540000000000007,-0.9011726061041189,-2.240582024581575,4.01670849953714,-0.670704218219669,1.3073794503928036,0.1050694227253734,-0.39930494231115066,-0.0838593223634133,0.321455082554214,1.3844329802036697,-0.9244651569285514,-0.9083102938864879
1.0560000000000007,-1.644641416107754,-2.390781495917567,5.704918062322538,-0.7185864319122373,1.56674816732221,0.08307962750771351,-0.39931321076151466,-0.08386671569566216,0.32132045361112727,1.3843810999110078,-0.9244242814568739,-0.9083023149417241
1.0580000000000007,-1.125890019154048,-2.531146653666231,7.2405852846471985,-0.7585521320294057,1.7741267836316716,0.09696909494824613,-0.3993105470802946,-0.08385714476180914,0.32118590575341216,1.3842858113209766,-0.9244076796501596,-0.9083364451128171
1.0600000000000007,-1.0592675252788128,-2.9455967126319216,8.659561135882765,-0.8216379221740095,1.8765450822807108,0.08316670557732689,-0.39930460659580325,-0.08382879428560172,0.32106187670162806,1.3841388513928015,-0.9243586508873022,-0.9084484791741751
1.0620000000000007,-0.047108836702181134,-2.618467817713642,10.626481379828773,-0.8534744527472731,1.9482505510824313,0.11877674267039565,-0.39930315404080496,-0.08383365636720577,0.3209411064702992,1.3839744404261094,-0.9242876727829327,-0.9084422205249759
1.0640000000000007,-0.18092093263916675,-2.7480424583218284,13.32664435020541,-0.9470187327254174,2.099582592698751,0.11111578988548107,-0.39929727870505793,-0.08383671256527905,0.32081400241951474,1.3838065623344014,-0.9241840157260218,-0.9084501067930092
1.0660000000000007,1.1851716677161512,-1.7770610599652112,14.990146766551128,-1.0131322085830368,2.1914368128764363,0.12535877831076545,-0.39929198496968593,-0.08382000594299054,0.32069469345286167,1.3836545523249022,-0.9241422144993529,-0.9085142960842026
1.0680000000000007,1.237585180806987,-1.341684744040257,17.079974252541646,-1.05458670051223,2.344351207551124,0.09714801707598125,-0.39929648493701314,-0.08380821995796389,0.32057263185896506,1.3835105284442861,-0.9241047525764148,-0.9085964715920583
1.0700000000000007,2.0165922003963628,-1.1430718092415542,17.758441861580383,-1.0756131232032238,2.4104634603296806,0.09326258987137392,-0.399288045047322,-0.08380572921264466,0.3204527181418969,1.3833874700550566,-0.9240100641054748,-0.9086055834594504
1.0720000000000007,1.5871818305637946,-0.6262832124865549,18.79550158629951,-1.1135672343011938,2.442612285765538,0.09829399731125307,-0.3992805105086141,-0.08377782697236057,0.3203202701635305,1.3832766315292908,-0.9240416802391315,-0.9086845524521873
1.0740000000000007,1.624144831921024,-0.7969403429795936,18.46341143684683,-1.1301539318932783,2.461443289720065,0.10353762880374796,-0.3992788782390947,-0.08377146658496101,0.3202052382973345,1.3831889201775946,-0.9239754794855787,-0.9087326324206508
1.0760000000000007,2.0636302855271245,-1.1950035676951656,18.3574497068239,-1.1614664667988608,2.4853464747199876,0.12578954406838308,-0.3992777037602952,-0.0837603903041538,0.3200645213248902,1.383146981867063,-0.9240044958902411,-0.9087153744156045
1.0780000000000007,1.8037786220826901,-1.0544045124357346,18.38941105680749,-1.1796965867234446,2.52409664403025,0.13021550614400068,-0.3992717054551131,-0.08375434836979878,0.3199467969881147,1.3830990574239626,-0.9239659373198396,-0.9087066023441249
1.0800000000000007,1.9426598113727958,-0.8463367887710406,17.94063721544684,-1.1768218719817019,2.5363253157038073,0.13580967389748463,-0.3992761245165375,-0.08375208509266877,0.3198019143061793,1.3830892207608614,-0.9240106441422332,-0.908721170259832
1.0820000000000007,1.5698944918580278,-1.0160270726631488,17.957926213045372,-1.1588409887056432,2.535459346587682,0.1437315607831766,-0.3992769397825404,-0.08374345612329549,0.3196680137158551,1.3830752719311998,-0.9240004758014698,-0.9087892834758956
1.0840000000000007,2.335589576500416,-1.9431944182279068,16.94101906865144,-1.1503083769115066,2.4598246888084567,0.17835443730354889,-0.3992803718025656,-0.08372814134770061,0.319247105957622,1.3830202771002824,-0.923981493200873,-0.9087862297199327
1.0860000000000007,2.381055995868716,-1.3481842535253306,17.386162373038832,-1.1440040589879992,2.4422109605272557,0.16375915481723513,-0.3992751221204725,-0.08371021381711544,0.31909619824056906,1.3830340446210536,-0.9239944934867395,-0.90879950441723
1.0880000000000007,2.8764723685668505,-0.6828641719758528,17.683485366564163,-1.1445259584678278,2.4370505065547747,0.13664094267890975,-0.3992840929477074,-0.08371648221152309,0.3189455266855993,1.3830678614614964,-0.9240059471692417,-0.9088385866165312
1.0900000000000007,2.7891371568106162,-0.04540138523081927,17.12451186179813,-1.1292601244528437,2.4097926246976313,0.10468501417506482,-0.3992829446870831,-0.08370250832159709,0.31881160780772716,1.38296666942757,-0.9240402819876558,-0.9088403815324696
1.0920000000000007,3.3753036067815203,0.35140533540431784,16.02275154724207,-1.0841474560471642,2.3238131416512253,0.09526080056442765,-0.3992879992869517,-0.0836913966177285,0.3186369839523901,1.3830841554540778,-0.9240911493829724,-0.9088431358441007
1.0940000000000007,3.642497616878659,0.7657466115921162,15.361581497837488,-1.0804267153361153,2.239724453008952,0.06760371145577719,-0.39929462345078315,-0.0837005067102948,0.31846937681845106,1.3831746396914233,-0.9241171615244379,-0.9088245713802185
1.0960000000000008,4.266856624257499,1.2055804971775173,13.46626694794243,-1.0429216902156289,2.123629499904022,0.03158489573490816,-0.3993074171870389,-0.08369279588250425,0.31829326359319154,1.3832871223744734,-0.9242410694812548,-0.9088305845270148
1.0980000000000008,5.577406046693055,1.624514808379181,11.8524092517474,-0.963046312329104,1.9047173677423115,-0.022800148358657128,-0.3993232598836718,-0.08368897730519648,0.31813549272508107,1.3834355925010378,-0.924306271092934,-0.9088834263862893
1.1000000000000008,9.728059454146488,3.7456459533645576,7.282402067860147,-0.7174882245379256,1.2963125717632928,0.03016880238831333,-0.3993343913831868,-0.08369312993106083,0.3179291789153533,1.3837305128584354,-0.9244795419974681,-0.9087698737768864
1.1020000000000008,5.566503378941383,2.706605942846608,5.719623818296545,-0.7849309439868613,1.504298115246284,0.009348082218551133,-0.39935072398947646,-0.08368663418523783,0.3177331886314382,1.3839850338358817,-0.9246374370038274,-0.9087968442221458
1.1040000000000008,4.027303232220674,2.2417843381968807,2.1980789658641817,-0.6185059620984462,1.20332248444172,-0.01258133510700735,-0.3993576642751546,-0.083689395157937,0.31753886530049885,1.3843158213740334,-0.9247422059586752,-0.9087414072468836
1.1060000000000008,4.785627994785287,-1.2699922564667174,-6.08061242050905,-0.5807868799522868,0.8789469852637385,0.10522841343606425,-0.39937107725430077,-0.08368527142777468,0.3173390837941783,1.3845502544885147,-0.9248574637912442,-0.9086900942122556
1.1080000000000008,2.6952062623719497,-2.4674382819967566,-6.662883901314329,-0.40828266168754307,0.8558629611408575,0.18026357708133128,-0.3993780574558865,-0.08370982180641617,0.31714205842225524,1.384821942078654,-0.9249121676524081,-0.9085926595370795
1.1100000000000008,3.377667262855346,-3.0365205379673883,-9.11836276312409,-0.4332337024043759,0.7237480475475114,0.1959927569279999,-0.39937045904522456,-0.08371251102093831,0.31696943352970136,1.384903099123826,-0.9249096181796104,-0.9085015389089077
1.1120000000000008,4.093347288006454,-3.0995826629085044,-6.689950596391067,-0.4050379629221195,0.8292449485452758,0.22388507930944687,-0.39937741303879387,-0.08369558782523885,0.31676381336335896,1.3850362463670123,-0.9250229881268679,-0.9085415771779233
1.1140000000000008,6.2516192002515325,-1.2068448799858684,-3.8598629870940226,-0.3976163757126264,0.9779392076327378,0.19444116197007805,-0.3993645467988396,-0.08368602042202238,0.3166018680646924,1.3850147214943276,-0.9250091606321825,-0.9085549592781657
1.1160000000000008,8.012025683264278,-0.5965158889470046,-3.0799132656780293,-0.6032441602873772,1.107450447609814,0.19376174459165793,-0.39936769395623345,-0.08367898709790289,0.31642701580465066,1.3850052708343161,-0.9250122081786966,-0.9085547465160237
1.1180000000000008,8.572413485226884,1.8074884140115661,1.2516406658149697,-0.6852776622438361,1.1204631785703472,0.17730155406419645,-0.39934400152138716,-0.08364620350957294,0.3159495799112578,1.3848692009144852,-0.9250263203973242,-0.9086550249593155
1.1200000000000008,7.437762708628705,2.252692215817542,0.9229644040762583,-0.6557965146363055,1.2030226891059332,0.17458104859789106,-0.39934641248471925,-0.08365102239236771,0.315792447126941,1.3848712819621727,-0.9250220095391016,-0.908606692934188
1.1220000000000008,9.655981460963801,2.0067953526570044,0.5245996334372871,-0.6092753563852255,1.1614032492526971,0.17744857246717086,-0.399324211820673,-0.08364734514762591,0.3156527596173672,1.3848723233602553,-0.9249856476955304,-0.9086470353912108
1.1240000000000008,7.544952014689398,1.8005353827315282,1.606314565786757,-0.6304240092834026,1.2516796524038807,0.18089048963470805,-0.3993283322048541,-0.08362455632524637,0.3155025835563574,1.384824605625433,-0.925014062343283,-0.9086690660509724
1.1260000000000008,9.56007516262991,0.8446618441607798,-0.5404893871113854,-0.561762557889717,1.0961890059247865,0.2333947969754227,-0.39931830993570444,-0.08361296619213401,0.3153451625593553,1.3848523056995077,-0.9250329086374776,-0.9086613344646306
1.1280000000000008,8.2474228375966,-1.2271343771544552,-0.5272186113097096,-0.5674619836001566,1.0954069855313355,0.2546861422510536,-0.39932082504694333,-0.0836124352574811,0.31520404435498806,1.3848551356390195,-0.92498600714964,-0.9086735057740755
1.1300000000000008,9.715596707753795,-1.6649170030221017,-0.26597870454833356,-0.517827724795576,1.051314086770413,0.3088827604210042,-0.3993138788815353,-0.08359890424447239,0.31506827310906776,1.3847938079567172,-0.9249739924858517,-0.9086729393975964
1.1320000000000008,9.240010611200193,-1.8551388849937611,0.9821953352832902,-0.5501780669733295,1.1487680825328035,0.32286613205086756,-0.3993087844986477,-0.08359741857203155,0.3149403578911946,1.3847052405439728,-0.9249271476590114,-0.9086618362790108
1.1340000000000008,11.128506352724031,-1.947227281949114,2.308005639557774,-0.5959791040801447,1.1962527099059808,0.363201200311565,-0.39930048509358923,-0.08360181634610364,0.3147904897517559,1.3847239887923346,-0.924898789353794,-0.9086603651902964
1.1360000000000008,10.886807220847489,-1.9998253519614555,4.104305255134068,-0.6411112616967973,1.274803343432343,0.39161220758004006,-0.3992959444442214,-0.08359672273571878,0.31465995520335616,1.3846265666793311,-0.9248479811865252,-0.9086510850717898
1.1380000000000008,11.79572095911212,-2.044433356718874,5.6249814632695445,-0.6550867763261526,1.2814898013884337,0.4071344326565559,-0.39928849242702735,-0.08357308264204308,0.31452719285265973,1.384551222684543,-0.9248211839308103,-0.9087395116799296
1.1400000000000008,10.868329700935266,-1.2213229827897774,6.639296329031484,-0.6844436217530098,1.3339102667939604,0.40324310630319193,-0.39928828103175934,-0.08357728219599328,0.3143988494581559,1.3844512635872255,-0.9248225217156821,-0.9086986536353526
1.1420000000000008,11.08301047927699,-0.08635829144840823,7.057901443997306,-0.6985836800145767,1.3485242327414584,0.40243335722982904,-0.39930061906637215,-0.08354878072768893,0.31426099423820025,1.38435668853073,-0.9248319611882975,-0.9088244161155895
1.1440000000000008,10.411132932788114,0.977535370699993,8.498370219238573,-0.734362075026807,1.3726383866871044,0.36911339432789564,-0.39929473719728936,-0.083543760434073,0.3141280745104294,1.384319990907935,-0.9247790690734516,-0.9088725050340242
1.1460000000000008,10.714290749325816,1.64820295988179,8.555820106898523,-0.7597376411151824,1.3804914450972234,0.35497007192919616,-0.39929617430656683,-0.08353400973173497,0.31398066428656085,1.384244816486544,-0.9248477929855884,-0.9088676115787084
1.1480000000000008,10.118194183596916,2.5622274427299208,9.490344744409013,-0.7952062869102015,1.390265608904593,0.3377780135381314,-0.3992928227790947,-0.08354313662739336,0.31381844718666696,1.384320211941371,-0.9248346182515089,-0.9088459451349613
1.1500000000000008,10.622957192882362,2.369775128432796,7.9830397033196325,-0.7786829606568401,1.3762823316629385,0.3438436792388655,-0.3992988014113273,-0.08352984436136648,0.3136547691129851,1.3843653799685292,-0.9248839807213003,-0.9088695409835232
1.1520000000000008,11.79707552993982,0.021205322016765393,5.6249378280579885,-0.7303087669340292,1.3107847156003118,0.41692210560081633,-0.39930847793587254,-0.08353276920030123,0.3132035878040418,1.384489097406388,-0.9249027234444188,-0.9088522580713682
1.1540000000000008,12.424679204916561,-0.4839792174484412,4.603367241898579,-0.7336986323785095,1.3350058359922092,0.45522372740930334,-0.3993227640533562,-0.08350729224977735,0.3130245488506429,1.3845865530417303,-0.9250633732809667,-0.9088557006199577
1.1560000000000008,12.93340883797547,-1.0719995409529597,3.651019796491605,-0.7052327633410287,1.311991077392433,0.4625209202345129,-0.39932903486243654,-0.08352446137164651,0.3128791134924918,1.3846659416825566,-0.9249970811368351,-0.9088105287120913
1.1580000000000008,12.761561263055672,-1.2791653321505425,1.8027254847820502,-0.6714696649864856,1.2637834802905894,0.4822564705460622,-0.39933699731391065,-0.08354248109362106,0.3126972972040748,1.3848321928276999,-0.9250894817742752,-0.9087456315656758
1.1600000000000008,12.23639949335941,-2.210213197753041,-0.3501315029763159,-0.63668025037333,1.1578197968925474,0.4720560483574797,-0.39934738876041603,-0.08353378503817101,0.3125565706361232,1.3849027394553917,-0.9251285578275192,-0.9087667512803966
1.1620000000000008,11.257908784527578,-1.8892176982966742,-2.225961584064847,-0.5924736920056528,1.0586690129676264,0.5063239131973913,-0.39936386722869566,-0.08353457827097227,0.31239546340173413,1.385034077643701,-0.9251954021182334,-0.9087561913690247
1.1640000000000008,10.66249466791977,-1.3638959967571274,-3.7685684740012033,-0.5671605479676782,0.9915383501852796,0.5323108714781704,-0.39937115985512583,-0.08352892227439698,0.31223064831369296,1.3851574589201743,-0.9253019607409313,-0.9087620302403059
1.1660000000000008,10.222326172480924,-1.6571234507514907,-4.051601045926315,-0.583906787541378,0.9733874453916616,0.5029736386305039,-0.399386669399183,-0.08354519554874779,0.3121011330028284,1.3851656303930497,-0.925288791048971,-0.9087424222832734
1.1680000000000008,10.296711711732893,-1.3625281803627685,-4.343563375221522,-0.5568650905529141,0.9897160408902775,0.503457849110747,-0.3993798633981136,-0.08353989601358525,0.31192230127633513,1.3853455550145701,-0.9253568775507399,-0.9087239617248234
1.1700000000000008,10.24294703130939,-1.4324603181282636,-3.9418902199005688,-0.5343588043464728,0.9979942466104823,0.5074536884495371,-0.3993844032842006,-0.08354622864919334,0.311793388233285,1.385363457214506,-0.9253487281833266,-0.9087395292893969
1.1720000000000008,10.01319314046266,-1.5160106513193492,-3.981529323977126,-0.5441055440502385,0.9958844090484772,0.5187748132057426,-0.39939791689759985,-0.08355446457585151,0.31166144229218096,1.3853754812670904,-0.9253486425723944,-0.9087457448421721
1.1740000000000008,9.949417338059689,-2.3421649219205034,-4.532914717334813,-0.5269555309899654,0.9787973084531111,0.5279580907957431,-0.3994027527865411,-0.08354319034744212,0.31152880965997154,1.3853833186344793,-0.9253798018921842,-0.9087402016209347
1.1760000000000008,10.187549356560273,-3.3380998253286647,-4.054314144750585,-0.5146393380102099,0.9800481101293916,0.5532402060588366,-0.399405573221399,-0.08354708344106507,0.31138689860720337,1.3854181118237705,-0.9253582194169078,-0.9087356182834088
1.1780000000000008,10.433780942588443,-3.758609160526567,-3.0457328626672537,-0.5277893355537523,1.0139700562352811,0.560729258943347,-0.39940329518416157,-0.08354335559201341,0.31127584103013334,1.3853389037813761,-0.9253478135001146,-0.9087483678642694
1.1800000000000008,10.717054305869762,-3.5388934403539087,-1.9102295042120836,-0.5554611453143672,1.0616435632317354,0.5713563240274295,-0.39939338871508345,-0.08355381666580425,0.3111719469182756,1.3852665107488515,-0.9252535721489715,-0.9087497268362611
1.1820000000000008,11.296025073402246,-2.987612045197306,-0.7692818285394937,-0.5760889966424975,1.1172102842095795,0.5977589415044315,-0.39939575425154833,-0.08353584555714892,0.3110462290463717,1.3852306740438707,-0.9252852360613643,-0.9087499462949841
1.1840000000000008,11.413601790588277,-3.1389872397117364,0.04264687314191962,-0.5812557738276509,1.1601569900798636,0.5886064271502567,-0.39940215772732346,-0.08353633352717948,0.3109374251211667,1.3851770834117805,-0.9252768083786178,-0.9087873855460875
1.1860000000000008,10.451807038004226,-2.5117231296218727,1.2854560317810808,-0.603555514623724,1.1175259354856237,0.5720057053040588,-0.399382592798734,-0.08350242668744953,0.3105363177896858,1.3848412011404958,-0.9251631725148407,-0.908905062736741
1.1880000000000008,10.739901989903519,-1.538262787565639,2.690847030260416,-0.6367536513786773,1.1830106674678353,0.5777759284150497,-0.3993814418008966,-0.08349947044134853,0.3104346265271555,1.3847455363408332,-0.925155482510837,-0.9089110103167883
1.1900000000000008,11.371065856028917,-1.184160764735481,3.821674807788219,-0.6605369876963665,1.2466260143074146,0.5830570116364948,-0.3993722114763213,-0.08350076423831794,0.3103395692076043,1.3846769558337155,-0.9250747432126563,-0.908919921787238
1.1920000000000008,11.852956870169834,-1.249770733934243,4.644677761395035,-0.663497350213093,1.2646721730156667,0.5924254830464529,-0.3993725755291885,-0.08347833992707604,0.3102496845708288,1.3845607805252345,-0.9250917964870295,-0.9090112190730026
1.1940000000000008,11.445168108198345,-1.5142114979747396,4.751869744398765,-0.6938736070542854,1.2755504278193586,0.6119579003450433,-0.39936999268078655,-0.08348561618867259,0.31014841100126395,1.3845664602577819,-0.9250653265700843,-0.908965104769974
1.1960000000000008,11.527262407696893,-2.095928672159248,3.8960061339671204,-0.6883229525843777,1.2485167683405403,0.6368902986156132,-0.39936382123912006,-0.08347960552589623,0.3100665927395059,1.3844238652274559,-0.9249812288673818,-0.9089759472347259
1.1980000000000008,11.74297295193342,-2.8300240194644215,3.3280732298426363,-0.6737101004103898,1.2320938467615967,0.6518319444452937,-0.39935852650054793,-0.08346005078982605,0.309956708161155,1.3844261489003433,-0.9250421722833277,-0.9090162076201174
1.2000000000000008,11.549939044930177,-2.997081465800531,3.4113726474855657,-0.6947825619394183,1.2276923397517843,0.6714004719326238,-0.399360322710251,-0.08345116430564331,0.30985498406361656,1.384444899716898,-0.9250343225263757,-0.9090504686373571
1.2020000000000008,11.517542597453415,-2.786033343945685,3.442572976145444,-0.6897742468158661,1.2327231567617754,0.7005002054646962,-0.39935695076826006,-0.08345925765062735,0.3097752923979287,1.384328603592059,-0.9249507200377955,-0.9090107521160228
1.2040000000000008,12.028982136460327,-3.186527325300823,3.996635807012137,-0.6862222838289287,1.2419850749491854,0.6999679326062959,-0.3993601610267764,-0.08345795347679713,0.30968910521889553,1.3842900161552587,-0.9249373363518651,-0.9090550577451451
1.2060000000000008,12.25979439884843,-2.9572804142653246,4.5150135336484345,-0.7016035190886242,1.2694220755409824,0.6899580845019067,-0.39936221050885723,-0.08345469089304741,0.3095761450536874,1.3843534516711675,-0.9249604014494776,-0.9090508896226979
1.2080000000000009,12.062948201127561,-2.3209784935103044,4.935159044037542,-0.7085315392832406,1.2876376412540673,0.702454629623495,-0.3993651343984571,-0.08344931573059167,0.3094642479465766,1.3843775668903464,-0.9250287461426046,-0.9090298933684041
1.2100000000000009,11.991055460397842,-2.2969845479952498,4.335682452793122,-0.7171732628638021,1.2898397996566948,0.694506463397088,-0.39936639178994715,-0.08344921241286747,0.3093860887722143,1.3842803407631492,-0.9249889997566763,-0.9091055471270328
1.2120000000000009,11.636924366851044,-2.0967248711052244,3.8738401564365623,-0.7016790483342034,1.2477384863332228,0.7053307018642015,-0.3993641571263863,-0.08345536635007922,0.3092695024957178,1.3843819726867241,-0.9249861759405879,-0.9090793135420044
1.2140000000000009,11.288919729113829,-2.621954757729545,3.1083292663665096,-0.6674301174715104,1.215172145528006,0.692506895490736,-0.3993615780622705,-0.08345053665178717,0.30918151638284713,1.384377745594772,-0.9249871109988309,-0.9090599113097417
1.2160000000000009,11.027837363145995,-2.593159914362884,2.20147247307398,-0.6557790550289012,1.1983249569231331,0.7010435148054818,-0.39936947663408245,-0.08343360541598074,0.30908416030500785,1.3843726216108119,-0.9250325834222276,-0.9090921723150454
1.2180000000000009,11.085414457634592,-2.7347684624924278,1.2080501500102727,-0.6422310410562942,1.1856740830975754,0.7169439934264058,-0.39937371178064995,-0.08343155140661371,0.30898760062962005,1.3843696290116891,-0.925057608589264,-0.9091272892584777
1.2200000000000009,12.051414865982961,-3.7101606346487532,1.1241031254674412,-0.6370912104670344,1.18597854931682,0.7334520446383229,-0.39938257382241044,-0.08345359746954539,0.30868920017823437,1.3845494097165867,-0.9250856599723882,-0.9090752053943785
1.2220000000000009,12.288443472531965,-4.095569224832561,0.3727091094174206,-0.6174994189425802,1.1690921260087963,0.7379470741147717,-0.399379010324606,-0.0834470216158322,0.30862506032725645,1.384494060611452,-0.9250303139410155,-0.9090598422427797
1.2240000000000009,12.075474333611378,-4.253509511062179,-0.7378633517060638,-0.6025313504949393,1.1442809330793997,0.7454164902350535,-0.3993769738891509,-0.08344926787445367,0.30852595135786676,1.3845736583936044,-0.9251019958268676,-0.9090110706330943
1.2260000000000009,11.43252562226594,-4.1588547088880095,-1.1679573798299199,-0.6059269724564466,1.1011984182010417,0.7633581113758608,-0.3993960495743518,-0.08345584215568919,0.30841764249929626,1.3846565062671596,-0.925155296436398,-0.9090012269275662
1.2280000000000009,11.02076162974625,-4.686974290892047,-2.251847105739287,-0.5820024177456563,1.0718912318464784,0.7711235299203538,-0.3993830325357748,-0.08344671008178176,0.30833171578984936,1.3846901850634215,-0.9251532860550359,-0.9090140695065159
1.2300000000000009,10.460530601299169,-4.746061174402063,-3.0726203377200436,-0.563291362222346,1.0191521197600475,0.7800677394745218,-0.3993857929503942,-0.08344509754338378,0.30824418924874225,1.3847123154933259,-0.9251571409574242,-0.9090566529709541
1.2320000000000009,9.814640704230355,-4.745043660344389,-3.579440353462045,-0.5439155567465895,0.9945233976116785,0.7913370175679254,-0.3993875463496986,-0.08344172532100208,0.3081823014386181,1.3846439178554348,-0.9251391004078765,-0.9090594302465819
1.2340000000000009,9.966067745554081,-4.784616208342673,-2.7761446718243796,-0.5303386302394588,0.9761053404068712,0.7889728164495121,-0.3993943828863661,-0.08343865336082096,0.3080824183345145,1.3846493914383176,-0.9251995451734792,-0.9090425226137795
1.2360000000000009,10.394043296926665,-4.723325682272717,-1.494654337129263,-0.5454493900801891,1.010572915951273,0.8076468313651816,-0.39937605836528906,-0.08343015968772731,0.30801314723370965,1.384619167807282,-0.9251349721825182,-0.9090439862989856
1.2380000000000009,11.324394856925363,-4.5292087167286095,-0.1032236962116232,-0.5968659659037189,1.090414196335495,0.8104216183084219,-0.39937332675581544,-0.08342364189018123,0.30795422827331953,1.3844885441182204,-0.9250997552683768,-0.9091052852722684
1.2400000000000009,11.9722044215442,-4.116964493128641,2.3500847625950643,-0.6477188747333713,1.1760578489862932,0.8236644600956883,-0.3993643526947326,-0.08341856932782109,0.3078848196271649,1.38444527306795,-0.925071992963597,-0.9091050147907004
1.2420000000000009,13.029254546137754,-4.000782332190965,4.090710792539042,-0.6803128870405486,1.2452427091319924,0.8260140043645297,-0.3993670820555546,-0.08341297686951557,0.30782555354761915,1.3843396214035326,-0.9250378651594644,-0.9091526763917408
1.2440000000000009,12.935626557508213,-3.150627608443501,4.52315197676307,-0.7161572084952403,1.3062587067670555,0.8481093619657315,-0.3993548773294293,-0.08340575965273034,0.3077630482909304,1.3842573034587697,-0.9250024332034589,-0.9091500224912641
1.2460000000000009,13.228955854412932,-3.5844981558340416,4.89594512763223,-0.7327181071291817,1.3298449886185673,0.8469954326295699,-0.3993512784797067,-0.08339354993404136,0.30767594357340455,1.384326796602275,-0.9250592902095776,-0.909132228483272
1.2480000000000009,12.800409200640232,-3.0380728006774813,4.4392166267049955,-0.7384507419241203,1.326761586212788,0.8765766651404593,-0.3993626810751699,-0.08341151064784805,0.30762073211296825,1.3843042587464602,-0.9250185569877579,-0.909130444821655
1.2500000000000009,12.448658876354305,-3.111804442542757,3.5590867802147956,-0.7304980909165386,1.3032208716668952,0.8771230823542387,-0.3993536323482937,-0.08340645414865702,0.30754623390999897,1.384378474358236,-0.9250235679666807,-0.9091271071697221
1.252000000000001,11.887466218384176,-3.3341856673410897,2.5095793500747403,-0.7111637892781875,1.2521876002484336,0.8865513427054288,-0.3993548789909817,-0.08339063007570643,0.307491999299953,1.3843403692986265,-0.9250415196985006,-0.9091586797853545
1.254000000000001,10.821940603980382,-4.625997000751232,-0.23818935320917325,-0.611846048260305,1.113254386870238,0.8959751385106375,-0.3993696777173914,-0.08339652806948868,0.3073004796626066,1.384416292608093,-0.9250950133224481,-0.9091683613386135
1.256000000000001,10.942554956894655,-5.047750105821146,-0.1767121936951026,-0.6102431730832995,1.1200471402922778,0.8955920101019774,-0.3993649729469382,-0.08338374747678032,0.3072626009396766,1.3843558120690123,-0.9250799052893945,-0.9091880294060813
1.258000000000001,11.488262807324187,-5.486344360527951,0.4499876563709605,-0.6111560713136283,1.1486997057015462,0.899520070896559,-0.3993481583399203,-0.08339129068669704,0.3071876920962864,1.3844287091174265,-0.9250510296257985,-0.9091412785622457
1.260000000000001,12.000547076942066,-5.343986077833879,1.2123308170605376,-0.6438439932242607,1.1824100221280476,0.9005389703059246,-0.39936226099990757,-0.0834028628252527,0.30714254085135556,1.3843759118171308,-0.9250285780131849,-0.9091707047675974
1.262000000000001,12.19290932477726,-5.016909280173294,2.636943490513,-0.6681105181422604,1.2132052658836343,0.9134061973346544,-0.3993462727407955,-0.08338928750177517,0.30707685736149615,1.3844008615475611,-0.925031972393147,-0.9091562257992701
1.264000000000001,12.592375986125445,-4.779978636816507,3.19466439985602,-0.677220495313336,1.2545746527101518,0.9202190412806095,-0.39934511444001236,-0.08337600161032799,0.3070467911686148,1.3843136933202664,-0.9250579914687286,-0.9091668682407887
1.266000000000001,12.615145912772803,-4.7272808972549285,4.048266853810552,-0.6839867449420507,1.2838069781434656,0.9250232185468148,-0.3993413194698161,-0.0833635500340898,0.3069817953194368,1.384344998572992,-0.9250441913566622,-0.9092095374223951
1.268000000000001,12.537578761070026,-4.332159570986823,3.925197706394478,-0.6995959053765037,1.3022341373452273,0.9315218226869784,-0.3993416636996337,-0.08336205095818115,0.30691877259441036,1.384362352262995,-0.9250868584466041,-0.9091923272609643
1.270000000000001,12.480823744502688,-4.0577006364913455,3.8810727682017316,-0.7078237546582044,1.2919904642032731,0.952420312335184,-0.3993537083590583,-0.08337649191893182,0.3068890617615988,1.3843201591029444,-0.9250683457923641,-0.9092198389589123
1.272000000000001,12.261588101826385,-4.014355222983873,3.8256302471935175,-0.7062834887418685,1.2852738009515312,0.9559410206693846,-0.3993494649990631,-0.0833748566684778,0.30683564558198023,1.3843733317815585,-0.9250945383507366,-0.9091893476490922
1.274000000000001,11.953913202391004,-3.8964760184013203,2.9789864773059893,-0.7068453809172353,1.270803463471868,0.9616166039598465,-0.3993600968970413,-0.08338004489905924,0.3067906572125287,1.3843757546181263,-0.9250982012008613,-0.909207790167295
1.276000000000001,12.030087788195837,-3.8890303690592014,2.500048882446111,-0.6960778717925804,1.2471373028083164,0.9695928478987665,-0.3993620085056435,-0.08337719414907412,0.3067490272140998,1.38442603297101,-0.9251122343018334,-0.909207398283659
1.278000000000001,11.793410440013137,-4.1964823278421575,2.1420608924660907,-0.6776978775712211,1.2218461603952964,0.9801751043552208,-0.3993639199493532,-0.08337139509826072,0.30669316089277004,1.3844958171046278,-0.9251362620540039,-0.9091837713222505
1.280000000000001,11.691832611799718,-4.9480112626391755,1.0713684697223052,-0.6611677812032065,1.2003276913843357,0.9828490861550454,-0.3993724198980465,-0.08336597290716358,0.3066307110233703,1.3845525344960719,-0.925207592241355,-0.9091664963497492
1.282000000000001,11.695531491820836,-5.424666553440307,0.7717327031228751,-0.650348221719897,1.1812175790048371,0.9873699337513167,-0.3993723612873517,-0.0833697893267218,0.30659017388445486,1.384605552729821,-0.9252013074180235,-0.9091865191312933
1.284000000000001,11.830939148719594,-6.147462732754302,0.20352138455865848,-0.6336142096745522,1.1674736129636694,0.9937863180306427,-0.39937002575022723,-0.08337605092610177,0.30656100777748124,1.3845681075962086,-0.9252060293541502,-0.9091734495858405
1.286000000000001,11.759793627617256,-6.211171627977286,0.3087312962589811,-0.6230824993805614,1.1497219097195317,0.994216421652298,-0.39937287930744864,-0.08337918661619093,0.306514583208652,1.3845749428594871,-0.9252104592209852,-0.9091523745920547
1.288000000000001,11.805818470325953,-5.053202942081263,1.2424327866821874,-0.6468056552618934,1.1879380361595844,1.015948261860471,-0.39936816207386855,-0.08336694391402996,0.3063838510806329,1.3844389734878941,-0.9251646006999635,-0.909168066434946
1.290000000000001,12.164119389307647,-5.344871629779002,1.8277415715325396,-0.6636279058010492,1.1982177507891005,1.0005013639396665,-0.3993759696949255,-0.08336902034322843,0.306350944512595,1.3844300916980206,-0.9251522352374351,-0.9092178052231356
1.292000000000001,12.231856723310047,-4.841766148773822,1.9814381143960613,-0.6734291550867034,1.2191121260993618,1.0121775001550744,-0.3993734228331563,-0.08337111427186122,0.3063132111605359,1.3844922101844517,-0.9251722639451853,-0.9092158053668292
1.294000000000001,12.233386256658473,-4.26354431030693,2.3759664696583034,-0.6778071109951347,1.2295351268300143,1.0218890010708057,-0.39937388363169196,-0.0833685935903091,0.30626710612318864,1.384518559566142,-0.9251750799676435,-0.9092011217530965
1.296000000000001,12.501886994110354,-4.701134258293199,2.4605629792206263,-0.6845022683804345,1.2364061025240567,1.007986216262393,-0.3993647799370318,-0.0833664270495933,0.3062722076388079,1.3844002396259765,-0.9251311248571497,-0.909215100552105
1.298000000000001,12.69406982307979,-4.496280321349354,1.831052931385493,-0.7014172707340796,1.2422163946893316,1.0103838104534164,-0.39937658323940084,-0.08335518487587912,0.3062372217428298,1.3843996129461353,-0.9251438094403444,-0.9092409249586362
1.300000000000001,12.76619742938814,-4.656631325915839,1.739865222004448,-0.6852741331472699,1.2525269356456585,1.023345781087016,-0.39937333625457216,-0.08335836879505733,0.30619898704899456,1.3844543339717428,-0.9251693855264467,-0.9092104338637849
1.302000000000001,12.94168643285985,-5.009440292548147,1.72583437934534,-0.6899603131200851,1.236737822622195,1.0259795573629684,-0.3993790868534259,-0.08336466799120687,0.3061911162902646,1.3844046493906317,-0.9251576106445373,-0.9092290048704046
1.304000000000001,13.102129190704964,-5.331838099779793,1.754674905255753,-0.6813853942319825,1.2294674524834182,1.0387112343559133,-0.3993808586444003,-0.08335893452356666,0.30616138550417393,1.3844535637410733,-0.9252031047153367,-0.9092351039551375
1.306000000000001,13.045412722818753,-5.860774710935558,1.1743196333147883,-0.6666136334686218,1.2275097274420106,1.0421972329302975,-0.39938181993086713,-0.08335953024497464,0.30615502681120327,1.384453461116819,-0.9252033045201786,-0.9092350578837056
1.308000000000001,13.073216005792682,-5.793524747674322,1.282166502132946,-0.6506774503222692,1.2122690626713917,1.057929948338757,-0.3993869490085268,-0.0833615736246914,0.3061383173683673,1.3844564830621626,-0.9251732593308113,-0.9092278922238219
1.310000000000001,12.517051646061145,-5.586933169977279,0.9928262872234239,-0.6533106064897358,1.2056062084227264,1.0604747626197424,-0.39939262167330597,-0.08336246256058541,0.3061215374330009,1.3844753447652125,-0.9252149289967029,-0.9092302200219207
1.312000000000001,12.725648149571764,-5.893193944161853,1.056689451483485,-0.6645114645824429,1.1900478523507156,1.0611400352027223,-0.39939185280779654,-0.08335768108029656,0.3061031009154708,1.3844749648586405,-0.9252161147371172,-0.9092302282724166
1.314000000000001,12.543724338610147,-5.5371572759191725,1.245315544346905,-0.665035541564656,1.1791222356887314,1.0695039917075535,-0.39939460640688657,-0.08335805696282092,0.30609220870817644,1.3844818236913619,-0.9252305289309398,-0.9092370072401714
1.316000000000001,12.446696607578245,-5.3757358039786665,1.7249530724284012,-0.6711980464169127,1.176254899314924,1.067859240367902,-0.3993983109895289,-0.08336446721342948,0.306073286013505,1.3845113878368422,-0.9252339549281972,-0.9092412191838829
1.318000000000001,12.512817654107987,-5.378241952735209,1.9805382868243493,-0.6607046856204599,1.1834960471202112,1.0595677356135647,-0.39939931291377573,-0.08336502840093388,0.30608263717125705,1.3844303405383709,-0.9251966531207082,-0.9092580200632163
1.320000000000001,12.552024722477562,-5.121500189039423,2.0497155687837894,-0.6557476466742517,1.1972380539364442,1.0694987664487943,-0.3994019859934166,-0.08336009934290933,0.306057159686197,1.3845159452280529,-0.9252370757735263,-0.9092772890860525
1.322000000000001,12.937780694281006,-5.322537139311505,2.0089148691687333,-0.6577183202875804,1.2064819072149018,1.0548279046807758,-0.3994026762190549,-0.08337403648372438,0.30602210685919723,1.3845382433581899,-0.9252469004640161,-0.909197674505567
1.324000000000001,12.941982067374768,-5.28034352230639,1.4100034272575672,-0.6666087065523789,1.2063298349339975,1.056939002746305,-0.3994145996339016,-0.0833572016316855,0.306041604408459,1.3844408161149735,-0.9252575844819247,-0.9092778257588191
1.326000000000001,12.940951391489417,-5.287446466100599,0.9831607262100537,-0.6559378612152471,1.1998098565136175,1.0599917400012875,-0.3994119235451703,-0.08335399119089314,0.30602116828182974,1.3845369680206465,-0.9252819876641402,-0.9092978838522244
1.328000000000001,12.819744738211217,-5.633561009038253,0.38529441841589185,-0.6435657741225065,1.17618973187043,1.0551014034193364,-0.39941607108667576,-0.08335960778072271,0.3060309267688425,1.384523468463087,-0.9252532346318778,-0.9092838714349123
1.330000000000001,12.427448311002209,-5.511589928496061,-0.18526078603402107,-0.6343625146899123,1.156980538403355,1.0843771475943076,-0.3994070498252941,-0.08335507339959791,0.30603463132675046,1.384526689845326,-0.9252436353569937,-0.9092748111000158
1.332000000000001,12.488576066382679,-5.755115164591031,-0.6764349722699857,-0.6294211021260591,1.1301846558647837,1.0861247781878378,-0.3994157321865375,-0.0833541428482055,0.3060292538668138,1.3845597039038715,-0.9252700555329046,-0.9092946558306105
1.334000000000001,12.277691295686362,-5.823599757302002,-1.0915508203440933,-0.6112497182431154,1.106211923048936,1.0906816891466489,-0.39941718410787896,-0.08337418332824875,0.30600854772421204,1.3846340642149813,-0.9253033278181383,-0.909242169279246
1.336000000000001,11.88259308406769,-5.9071524760002365,-1.4093204692608097,-0.5991555050591872,1.0613950196146753,1.088585242575397,-0.3994140444158769,-0.08337638476193944,0.3060159077515202,1.3846291047059485,-0.9252784313679219,-0.9092074199358092
1.338000000000001,11.700137707797857,-6.000798151155594,-1.015024586106473,-0.5800624868699832,1.0126683690498304,1.1033267851105775,-0.39941642541777944,-0.08337653093167899,0.30602929056379075,1.3845671489978773,-0.9252605312128759,-0.9092286472768518
1.340000000000001,12.05632130981036,-6.029047344826224,-0.632911801649744,-0.5701362775221582,1.0004133444808827,1.1114216236113268,-0.3994117024713198,-0.08336925864446465,0.3060323782628523,1.384582240672881,-0.9252256919808021,-0.9092673976603111
1.342000000000001,12.536301930536517,-5.969915686486898,-0.22073556828033228,-0.5686286756123129,1.0085635056768787,1.109838794332527,-0.39941581132137205,-0.08336514528632387,0.306044705449245,1.3845069438405235,-0.9252444535508383,-0.9092680942628647
1.344000000000001,12.6637302542897,-5.788470717476437,0.22315040619521026,-0.5598842171925075,1.0127335556414319,1.1208728945134114,-0.3994138553037901,-0.08335268556990895,0.3060248769318367,1.3845809956873494,-0.9252807037191564,-0.9092904084411431
1.346000000000001,13.023759575491034,-5.826560576822075,0.3118973942687231,-0.5639294739970608,1.0050006544219612,1.120917946118908,-0.39941175487322655,-0.08335670897170186,0.30603826318596217,1.3845397042606296,-0.9252503188875449,-0.909290935029981
1.348000000000001,12.932924047016524,-5.832627409586003,0.3188535494546967,-0.5631027643010889,0.9791828847436159,1.1131689137125251,-0.39941668444641976,-0.08334513277309874,0.30605322579991673,1.384472659238642,-0.9252624977434621,-0.9092999174921902
1.350000000000001,12.634737580731441,-5.49336821091862,0.11974080117665681,-0.5670041156813594,0.9533403019686135,1.123440099914459,-0.39941779475106554,-0.08336211472495567,0.3060520500158444,1.3844842943808464,-0.9252346717926582,-0.9092731610958363
1.352000000000001,12.386067066014709,-5.53433857781832,-0.3081015459871449,-0.5606740511069864,0.952074418533743,1.1346807521988271,-0.3994145885128726,-0.08333948142062877,0.30605148923685294,1.3844668360882175,-0.9252822986268638,-0.9093369160473614
1.354000000000001,12.631728685467873,-6.066365127653212,-0.5738861728216756,-0.5615646747589016,0.9602443316926893,1.1234684546191878,-0.399422134585338,-0.08336077786994268,0.3060483030995152,1.3844926127405663,-0.9252926022010202,-0.9092758716372885
1.356000000000001,12.525709593388246,-5.830581817221688,-0.18362395484872868,-0.571656541102319,0.963353469709702,1.1311778532930985,-0.3994152284686204,-0.08334960940965368,0.30605655730449816,1.3844975751431676,-0.9252310182237111,-0.90931809250807
1.358000000000001,12.76711548257472,-5.842665486533324,-0.09869512661908986,-0.5727829985629762,0.9803246555638118,1.1386767495057661,-0.3994136330529735,-0.08333734822673107,0.306056006193365,1.3844514616648216,-0.9252862174470621,-0.9093485891617
1.360000000000001,12.839467804352413,-5.825235274205706,0.1173400041276752,-0.5769733771075564,0.9953083038427181,1.1429246467808285,-0.399416144919544,-0.08334745582952888,0.3060412729079213,1.3845139574520853,-0.9252602644577915,-0.9092748354229762
1.362000000000001,12.699737145989289,-5.493408170805276,-0.03431484207561211,-0.5853854159447801,1.0158602489389776,1.1484043476417538,-0.39941807099861837,-0.08334198678865795,0.30604665932598446,1.3844853492356246,-0.9252475390513755,-0.9093180554820379
1.364000000000001,12.551752976797804,-5.661312202898387,-0.26902437450276395,-0.5915469893048895,1.030744947384228,1.1564099437637099,-0.39942381820344347,-0.08334988996526219,0.3060273029213483,1.384581024752499,-0.9253021593258338,-0.9092879503528648
1.366000000000001,12.677787931178964,-5.911400503127388,-0.3895887488540226,-0.601093863762697,1.0304513741744152,1.1500634557889622,-0.3994096854727828,-0.08334733797484345,0.30603827877562007,1.384544613374451,-0.9252633036621845,-0.9092790691432164
1.368000000000001,12.355152546023938,-6.004606641981075,0.026338999229122695,-0.596312816176547,1.0111909103763717,1.156703114698157,-0.3994186475207714,-0.08334504255459532,0.30602770108732624,1.3845410029011571,-0.925315886075731,-0.9092833823706287
1.370000000000001,12.263655802749861,-5.999260001031049,-0.5314429790460873,-0.5987844312692857,1.02639623437705,1.1539814219891633,-0.3994239580947512,-0.08332240953017947,0.30604870079943763,1.384457659403667,-0.9253335923325617,-0.9093798453162644
1.372000000000001,12.253690834074586,-5.779637496916203,-0.3573530987139478,-0.5918724553290245,1.0239577696350461,1.160224468828942,-0.3994230746866449,-0.08332181238765059,0.30602888351107405,1.3845143295916225,-0.9253602075399858,-0.9093679411579938
1.374000000000001,12.361796786533837,-5.889901765453187,-0.5766624219410516,-0.5891353601450907,1.0313107397373056,1.1646343307033156,-0.3994289619254746,-0.08332992661550857,0.30604282392218923,1.3844686947660663,-0.9253383047130842,-0.9093774765743748
1.376000000000001,12.656744926223201,-5.882828022493308,-0.23459069201706423,-0.5855336428624798,1.019585715552158,1.1675506239296702,-0.39942621915187154,-0.08333637313016336,0.30602848539137456,1.3845558997297236,-0.9253353379302217,-0.9093450148523764
1.378000000000001,12.728854111660752,-6.22633110075448,0.06294663240836731,-0.5758188089520335,1.0140355812270496,1.1653715188902947,-0.3994276397618376,-0.08333611726741685,0.30604164474580287,1.3845004066806998,-0.9252979983858685,-0.909329096177934
1.380000000000001,12.935192398358204,-6.31834759629438,-0.325318001840163,-0.5735773311694786,1.0138422712995505,1.1690665759506682,-0.39941982970349144,-0.08332813776039827,0.30602120625943935,1.3845498441850403,-0.9253431427837526,-0.9093352279827621
1.382000000000001,12.557901757297483,-5.930828175228196,-0.2323611776436642,-0.5681957471223531,1.0031808499890946,1.1857996771453951,-0.3994189062914841,-0.08332752231910204,0.3060437358343853,1.3844618397514343,-0.925312738533918,-0.9093429191218692
1.384000000000001,12.869245239530255,-6.279695236891883,-0.4325495091107955,-0.5728249625559,0.9858878626805716,1.1776576444980735,-0.39942251120491523,-0.08331196824597933,0.3060523586147833,1.384418562682447,-0.9253268793424564,-0.9093958662513411
1.386000000000001,12.543166117812419,-6.108787665018246,-0.2740180816892116,-0.5710860687615852,0.9692474849661192,1.1940123834046907,-0.39941782854775343,-0.08331578115359012,0.306043810339934,1.38447295099253,-0.9253296680778893,-0.9093677886391667
1.388000000000001,12.650591317159353,-6.354766092965432,-0.6379590534065431,-0.5601149988806118,0.9696268288022702,1.1957107920041785,-0.39942054763411594,-0.08331757664219609,0.30604697233392864,1.384454264634524,-0.9253316997779135,-0.9093610870314881
1.390000000000001,12.909910401968288,-6.679127311777351,-0.23319847799783197,-0.5509466060513171,0.9587995019961837,1.1946481369506994,-0.39941110606635366,-0.08332369931093474,0.3060365441058906,1.3845192465732945,-0.925317890814827,-0.9093334309409861
1.392000000000001,12.917955060333753,-6.582417066395018,-0.3098048688437021,-0.5448351917038112,0.9638096296462412,1.2046015269997017,-0.3994309803703192,-0.08331348870215136,0.3060616270143109,1.3843840808736005,-0.9253107042492703,-0.9094027775065805
1.394000000000001,12.880391832791208,-6.896563734783808,-0.12706999812530673,-0.5457562173063119,0.9614902271783693,1.2116992049154311,-0.39942461776222193,-0.08330247461833348,0.30605776333191786,1.3844290406154647,-0.925343273772682,-0.9094205777995178
1.396000000000001,12.827684232380598,-6.5753513873853375,-0.0577964094866896,-0.545367367373547,0.9602417275068816,1.2170547429793606,-0.3994280086160169,-0.08330474358542332,0.30603004660914956,1.3845096964687271,-0.9254127588280312,-0.9093722732466967
1.398000000000001,12.76498020885872,-6.6318262667841745,-0.14634337020117535,-0.5626330868382352,0.9628747099752487,1.219796990635784,-0.39941856109608154,-0.08330684657454865,0.30603829937499966,1.384488824348599,-0.9253696330998645,-0.9093514800922226
1.400000000000001,12.71252809664573,-6.756943663751322,0.032482983140980665,-0.565878906246374,0.9663762674001383,1.2107872623691656,-0.3994121177883473,-0.0833120304637705,0.3060410847450471,1.3845021296450706,-0.9253326301777708,-0.9093721072937748
1.402000000000001,12.614719186500713,-6.5451829905898276,-0.4446168103839452,-0.5798384680031694,0.9787774990258994,1.2248859052205179,-0.3994279081411867,-0.08331147050196289,0.3060408775922325,1.3844710602073538,-0.9253408112552433,-0.9093950845799409
1.404000000000001,12.605785526511784,-6.231936221097995,-0.2035813399262708,-0.5818015794047616,0.9731443321567259,1.2331021291934878,-0.39941846094855,-0.0833066135379672,0.30603291878242433,1.384490270154532,-0.9253495548992586,-0.9093722815537776
1.406000000000001,12.585137291869643,-6.496389554630682,-0.5186095054206739,-0.5862573106057725,0.9909185458860021,1.2289691943804875,-0.39942279468653563,-0.08331070703218038,0.30602807031472146,1.384541910060116,-0.9253742860484861,-0.9093995209433353
1.408000000000001,12.722466625594983,-6.607329629985605,-0.44548405331829566,-0.5837176914081237,0.997900700466011,1.2334387369860738,-0.39943362021200746,-0.08331123440520917,0.3060381545780019,1.384475361383892,-0.9253535008284657,-0.909383626265202
1.410000000000001,12.699569033293528,-6.477750412943375,-0.17829041024811773,-0.5794419223854508,1.0034563045155909,1.237099039744522,-0.3994383773204999,-0.08329939336253858,0.3060336547938067,1.3844587902712495,-0.9254117388728699,-0.9094177155139919
1.412000000000001,12.646573935722596,-6.635941097171858,0.18579351739102354,-0.5757314805827642,0.9996716274196962,1.2346792239179343,-0.399427053871214,-0.08330562460176036,0.30602774699326496,1.384523512739189,-0.9253760743704117,-0.9093920793504464
1.414000000000001,12.75016404456547,-6.7063076914084725,-0.10435527782787418,-0.5870853254089857,1.0000673749649656,1.2272967551878213,-0.39942584174849044,-0.08330077456003321,0.30603926630672884,1.3844584008373224,-0.925356509989045,-0.9093949552699505
1.416000000000001,12.693965022048591,-6.713642307233785,-0.2731419245856941,-0.5786518692039758,1.0042589427561404,1.2339510887130696,-0.399425697364798,-0.08329213791589432,0.3060269516344426,1.3844879822007758,-0.9254259065820649,-0.9094494044357002
1.418000000000001,12.55352344860739,-6.653605841598414,-0.2641838289823344,-0.5702974304759425,0.9955915483329955,1.2376343556333278,-0.3994248539456763,-0.08329186537786969,0.30602695790762247,1.3844794058052086,-0.9254209937317581,-0.909394528653221
1.420000000000001,12.81270200263155,-6.914164686072169,-0.20934535974117585,-0.5652266911434505,0.9932689408485587,1.2416322519642107,-0.399431679998081,-0.08329904563865478,0.30603423562633186,1.3844885579704584,-0.9254143460820297,-0.909422251244871
1.422000000000001,12.6882570585115,-6.9879567304682855,-0.2349906213474032,-0.5559425156347227,0.9872615286119557,1.2482682399190859,-0.3994322527234388,-0.08329134925573617,0.3060320944537228,1.3844769481944208,-0.9254094990483056,-0.909424257759936
1.424000000000001,12.61281574351047,-7.111589172835833,-0.12949063682152492,-0.5526347801814097,0.981116227206844,1.2578722183262283,-0.399429296782901,-0.0832990275978123,0.3060300498841819,1.3844811973907036,-0.9253674205484651,-0.9093899938815295
1.426000000000001,12.752065479978285,-7.19498866197088,-0.14011599585291276,-0.5526353161761793,0.9691661437503633,1.2548025650140462,-0.39943012695396074,-0.08328853843892883,0.30601673197393714,1.384532475209018,-0.925425338421941,-0.9094417206019941
1.428000000000001,12.535145563590358,-6.782845002570548,0.2010113586076728,-0.5566896585281339,0.9565755949297944,1.2671684523623936,-0.3994380360644263,-0.08329242294912892,0.306040503520197,1.3844622728827212,-0.9254024395927732,-0.9094083223322433
1.430000000000001,12.687998486959696,-7.079924688023164,0.22145621542832772,-0.5615605160642548,0.9529611853583162,1.2650610603263164,-0.39943276077986933,-0.08329297650770859,0.3060341525062078,1.384446733798539,-0.9253845565509271,-0.9094220395726517
1.432000000000001,12.618656262291928,-7.045610360448279,-0.4118757099638217,-0.5699428105589296,0.9612802606116881,1.2790802821542144,-0.399433787471144,-0.0832730357383238,0.30604345363467045,1.384444463588631,-0.9254498161444307,-0.9094725261240447
1.434000000000001,12.622261992744328,-7.056872191481842,-0.45603940374090235,-0.5685135657781546,0.9670894788893742,1.2830641208499296,-0.3994357786486468,-0.08325808312566371,0.3060446645155117,1.3844065595850557,-0.9254868232682912,-0.9094837119025905
1.436000000000001,12.854097857482724,-7.216937660270552,-0.2886329379444691,-0.5649689839794761,0.9652649489847317,1.2832496838435075,-0.3994304285837516,-0.08328188568635415,0.3060445592226715,1.3844081154816792,-0.9253780182731052,-0.9094381978267142
1.438000000000001,12.986223317344775,-7.29764843781374,-0.1523738889503869,-0.5610624758026455,0.9652566505857545,1.2838747897600302,-0.39943050043137096,-0.0832737991795022,0.3060314256135934,1.384452301174401,-0.9254316970041768,-0.9094538298892476
1.440000000000001,12.922181914831178,-7.149585315641396,-0.4566497463223387,-0.5677996545411215,0.9727497883444444,1.2867802786423361,-0.39942780036582937,-0.08329140927921269,0.3060280910295773,1.38446129422839,-0.925412367868493,-0.9094352389785207
1.442000000000001,12.644415593417012,-6.756115943932273,-0.22378942897902385,-0.5838079397895044,0.9648738011927587,1.2857618442170473,-0.39943242097770637,-0.08328629204254845,0.30602655817952734,1.3844933847734189,-0.9254489958478419,-0.9094076023750717
1.444000000000001,12.619909856818929,-6.377659206134256,-0.3578858649550248,-0.5949744092318867,0.9682563396383217,1.2830753369718941,-0.39942471638148563,-0.08327420234876534,0.30602531990558474,1.3844546031604257,-0.925464171935264,-0.909421793146654
1.446000000000001,12.851877351136789,-6.761338228130983,-0.14194186813109236,-0.591438132630177,0.9750926481359142,1.2756076587822527,-0.39942150918516955,-0.08326523781927546,0.3060245309508482,1.3844423320929156,-0.9254700843656075,-0.9094511032766908
1.448000000000001,12.449951100611697,-6.458428415998729,-0.18636264567909594,-0.6004545923278837,0.9762756163704857,1.2862887706441388,-0.3994261693175158,-0.08326691138194249,0.30602299185899867,1.3844521030670396,-0.9254642668871792,-0.9094784012145979
1.450000000000001,12.591231142388452,-7.017230736766461,-0.5174956260899474,-0.5828996805370832,0.9937998279112307,1.282811716285932,-0.3994314763260699,-0.08328271723779718,0.30602874866978486,1.384490553634796,-0.9254275680168091,-0.9094668396031024
1.452000000000001,12.522012887014665,-6.946721414232609,-0.1903072734873086,-0.572664037399615,0.9786856702606374,1.2905548843300427,-0.39942659890350024,-0.08327829970855284,0.30603713295874274,1.3844383332725851,-0.9254023235819903,-0.9094396752616344
1.454000000000001,12.441743391924533,-7.072081966163889,-0.049405303153135904,-0.5614915115136001,0.9737186612767739,1.2915297731412858,-0.3994289274080228,-0.0832796003463902,0.3060324272833562,1.3844378357063853,-0.9254351490377207,-0.9094651482949315
1.456000000000001,12.353416994122808,-6.731384142013772,-0.05432662242916422,-0.5577943440392232,0.978222077828194,1.284900237822872,-0.3994245235645738,-0.08327410167277305,0.3060161767802321,1.3845039279778601,-0.925465940983819,-0.9094322354089512
1.458000000000001,12.590159316828453,-6.9720820195451605,-0.0725115509742244,-0.5674585535633532,0.9805107369615451,1.2756037025880607,-0.3994303610368246,-0.0832685142296916,0.3060447880465604,1.3843892449698525,-0.9254341095815772,-0.9094536809107007
1.460000000000001,12.584287102760342,-6.899555588220995,-0.42544508217604804,-0.5781780149208091,0.9846427061185627,1.2768332555632946,-0.3994370306820791,-0.08328495542879624,0.3060294467263418,1.384438078271541,-0.9254352117205469,-0.909465032447829
1.462000000000001,12.777722561592935,-7.080198286774598,-0.12436616617111426,-0.5753180046074197,0.9766105937417012,1.278423434301918,-0.39943307901983616,-0.08327154591075925,0.306017735332407,1.3844735693959012,-0.9254951647789192,-0.9094527975948168
1.464000000000001,12.777869108908483,-6.835726056209321,0.01956573194292935,-0.5667799516018965,0.9720259572264888,1.2851150387399246,-0.3994347387017783,-0.08327287003868435,0.3060421834547875,1.3844115893794537,-0.9254225719579852,-0.9094508417077204
1.466000000000001,12.802521664862022,-7.079149642674394,-0.16823121055360513,-0.5490531200435437,0.9761514093150927,1.2809441653791493,-0.3994288989729406,-0.0832726886350783,0.30601080263985153,1.3844741689386078,-0.9254747155812035,-0.909473998257489
1.468000000000001,12.852851301145055,-6.777478409009429,-0.36575163019206847,-0.5458242357075062,0.9803184801696299,1.2947040328342476,-0.39942284903100467,-0.0832769830039446,0.306017685618091,1.3845116054318725,-0.9254376625802918,-0.9094623212334635
1.470000000000001,13.079443134499428,-7.283060172036311,-0.08995271132052393,-0.5411957307551272,0.9762219030077693,1.2820810320906095,-0.399435251476184,-0.08327978332404855,0.3060199159052761,1.3844944754674802,-0.9254617003814455,-0.9094532795486583
1.472000000000001,12.863548010651803,-7.071875051230506,-0.20713699224005996,-0.561761793203976,0.9701630703957779,1.292703707709466,-0.3994285273926994,-0.08325625014336374,0.3060231947862378,1.384439049605728,-0.9254911732760397,-0.909505557476712
1.474000000000001,13.074851329487153,-7.1059913737820555,-0.3238550651588762,-0.5713007364887911,0.9696400092520061,1.2848906904779025,-0.3994340425271373,-0.08329000509267703,0.30603417144525363,1.3844482227875197,-0.9253964389758561,-0.9094671121583205
1.476000000000001,12.858321540625639,-6.626387572951824,-0.06188536827163599,-0.5708218758905418,0.9645800660358065,1.2966998404858108,-0.3994267698803174,-0.08328795004294215,0.30603598068876464,1.3844153724796497,-0.9253700722875942,-0.9094467763595443
1.478000000000001,12.879353485614075,-6.723255187191835,-0.15688705259541919,-0.5674781154307861,0.9685363386846765,1.2940014245589035,-0.3994251448589962,-0.08328552048789041,0.3060227628996227,1.3844685891047805,-0.9254056255907589,-0.9094438688250854
1.480000000000001,12.833810293236724,-6.739780341386372,-0.3620944496230545,-0.567396632107252,0.9742724594104729,1.3062271992164605,-0.3994251510325391,-0.08327706227070879,0.30602513400911513,1.384426700146746,-0.9254301752088278,-0.9094671677998413
1.482000000000001,12.742022649021688,-6.792723945701372,-0.1049773609641029,-0.565778934069583,0.9652463111587122,1.3162767780160232,-0.3994321098731597,-0.08328032031272355,0.30604454966157074,1.3843881567766743,-0.9254226649649266,-0.9094836720707489
1.484000000000001,12.867243418121205,-7.159966127051487,-0.10091497372763539,-0.5616824219951111,0.9717496975491347,1.3034347161052513,-0.399427624216946,-0.08327470851097205,0.30602276132518036,1.384456004107414,-0.9254333034570743,-0.9094713349734854
1.486000000000001,12.60735460089283,-6.996330363446054,-0.15568954783926026,-0.5708197224008943,0.9767409738085802,1.2926159350313569,-0.3994303334741711,-0.08327230680950093,0.30603025610043594,1.3844145085032293,-0.9254571860188671,-0.9094944856632687
1.488000000000001,12.513112912720466,-6.513813929743625,-0.4129084446692557,-0.5719680675756862,0.9798061568273058,1.3006395690043555,-0.39942860567039884,-0.08327531506715599,0.3060159177871967,1.3844425109097303,-0.9254485940541962,-0.9094530419475636
1.490000000000001,12.609933428133072,-6.708491361296547,0.027281341208787085,-0.5754153747700282,0.971340608837589,1.288201500945564,-0.3994266468307422,-0.08326985685027359,0.306028281499018,1.3844079304609278,-0.9254649848751505,-0.9094851905399103
1.492000000000001,12.476346585219327,-6.592622217829566,0.21137697331641353,-0.5760420530524897,0.9740326062204762,1.2907024590027896,-0.39943574199349174,-0.08326788359793325,0.30602217924500486,1.3844593645284762,-0.9254782697903138,-0.9094848251215022
1.494000000000001,12.62874487484842,-6.793939062779817,0.11159504672042729,-0.573418264863388,0.9847863143117342,1.2881004853275755,-0.39943696369469794,-0.08327407042689987,0.3060231966617617,1.3844266643993615,-0.9254734369504146,-0.9094624629678059
1.496000000000001,12.741775159507267,-6.884772446533215,0.017748970043416495,-0.5645450848695525,0.9888020606678656,1.2862409719575028,-0.39942143338184566,-0.08326917021947386,0.3060155419815202,1.384445414962063,-0.9254501676427335,-0.9094712966942375
1.498000000000001,12.856565392271364,-7.070783075691386,0.3063397777169866,-0.5550526272301609,0.987261333745508,1.2816083408806067,-0.3994378701421308,-0.08327320621971875,0.3060142306883671,1.3844045725980023,-0.9254849695677547,-0.9094647354945552
1.500000000000001,12.67800172757742,-6.664729862984453,0.10248832761771592,-0.5565535264992931,0.9940915647232483,1.286241585043323,-0.39943994581797404,-0.08328427790565864,0.30602043624958536,1.3844573463898249,-0.925444108832708,-0.9094417282761951
1.5020000000000011,12.665826948640419,-6.897253206996219,0.3194210636013956,-0.5605022211734445,0.9849789458320016,1.2867605093419603,-0.3994398691988164,-0.08328822565094862,0.3060171031141447,1.3844644097960515,-0.9254365884749551,-0.909451020098025
1.5040000000000011,12.78856333617614,-6.772697559948096,-0.15153605864211966,-0.5722520283811787,0.9865218704187633,1.2931184790487744,-0.39942425482640587,-0.08326560396159383,0.3060077634716482,1.3844586291381504,-0.925456944320599,-0.9094869334501123
1.5060000000000011,12.439438801562368,-6.4850903967992375,0.0027613792717902375,-0.5744041990562111,0.9834033016678856,1.3026550532724195,-0.3994267157080104,-0.08327410859449849,0.3060029688057468,1.3844986529139653,-0.9254745970825794,-0.909441234123496
1.5080000000000011,12.662450691167614,-6.76985306255789,0.31865029621059815,-0.5663585632994822,0.9819984378138924,1.2942633256401488,-0.3994343003571056,-0.08327350254431244,0.3060055064721531,1.3844537154292933,-0.9255079487478107,-0.9094733681867038
1.5100000000000011,12.874254628812793,-6.852906429934476,0.10219160147366303,-0.5611727770766615,0.990451022728379,1.2989138309265564,-0.3994313205671072,-0.08327712140059232,0.30601907938441486,1.3844378362769028,-0.9254355184181637,-0.9094645791938144
1.5120000000000011,12.994163412994647,-7.008228814012639,0.352672991419982,-0.5552262381623521,0.992892210373641,1.298397114935715,-0.399437824244897,-0.08327179881345587,0.3060177176363806,1.3844140490936194,-0.9254790613919418,-0.9094919141722607
1.5140000000000011,12.939526392984131,-6.882241772983281,0.21704307657437677,-0.5626275135740271,0.9873990641352804,1.3012058755479783,-0.39943169424947245,-0.08327879147678983,0.30603009270929066,1.3844190017681517,-0.9254156189480649,-0.909460288854027
1.5160000000000011,12.70137032684208,-6.567153509306368,0.2371381063111148,-0.5690068644318008,0.9868574055751178,1.307424129112757,-0.39942741607707183,-0.08328418651270933,0.30600380381996384,1.384487522503964,-0.9254471156286409,-0.9094458847755826
1.5180000000000011,12.722098615461135,-6.547210389739731,-0.0004449017149232015,-0.5844731085222019,0.9799192369773062,1.2994379287864355,-0.3994378399957696,-0.08328143000538882,0.3060328398551726,1.384378559184409,-0.925429085253557,-0.9094559878340744
1.5200000000000011,12.631845106291575,-6.4945730788092035,0.17702892204093262,-0.5865507588503421,0.976925571925492,1.2986444456706459,-0.39943176332935043,-0.08327739278218221,0.3060157716657884,1.3844305705725,-0.9254430276900522,-0.9094554366075189
1.5220000000000011,12.476561806284305,-6.3142494719361055,0.3294095289292573,-0.574354420104312,0.9769167120360007,1.2968290752795761,-0.39943821240698835,-0.08328021971495346,0.30602740958734703,1.3843833379305,-0.9254106986189798,-0.9094946378505236
1.5240000000000011,12.808955310939737,-6.7670360424577165,0.0259200870092626,-0.5808795539697005,0.9888052851647974,1.2852570823712046,-0.39943491405787146,-0.08327545666923394,0.30599766425383906,1.3844948121829403,-0.9254624891947718,-0.9094524377205886
1.5260000000000011,12.847175031056294,-6.684113827445634,0.07289861755343899,-0.5804333474483742,0.995501270495346,1.2936969839582362,-0.39943060876195247,-0.08327943869257351,0.3060067030546137,1.3844805687638835,-0.9254337375883017,-0.9094390323005093
1.5280000000000011,12.65554786673173,-6.691973664966857,0.2906648324442118,-0.5812775412318572,0.9977387659958408,1.2946510010226358,-0.39943462161134713,-0.0832738351736555,0.3060287444530649,1.3843770459826494,-0.9254184652376628,-0.9094853494140198
1.5300000000000011,12.70415568005262,-6.642643593056205,0.41811438878701856,-0.576239638468866,0.995199052870682,1.2906325078833583,-0.39942608205586555,-0.08328329958246107,0.3060170796226681,1.384429117042035,-0.925441156699398,-0.9094370585929911
1.5320000000000011,12.578245229575657,-6.370572656409898,0.34760022382720945,-0.5742844563231196,0.9972549617387537,1.2992115510965416,-0.3994257812309136,-0.08326262177480487,0.30599767827140617,1.3844769428236503,-0.9255079994952132,-0.9094410814937153
1.5340000000000011,12.640610782785604,-7.062482448717589,0.41077271394755804,-0.5735815650834309,0.99261420303748,1.2824163961440003,-0.39942268484199955,-0.0832781450453596,0.30600976647435374,1.384434584125498,-0.925412537813772,-0.9094486707847901
1.5360000000000011,12.421599888183017,-6.631723700461625,0.3869140097217263,-0.5790236163410861,0.9933284806471114,1.2890449148851915,-0.39943882165023836,-0.08328747237584155,0.3060039855796878,1.3844757245925818,-0.9254422743840366,-0.9094485319376768
1.5380000000000011,12.368521534857473,-6.583003002828874,-0.01818162532698442,-0.581488258131254,1.0002344364617712,1.2964956142231787,-0.39943554674138376,-0.08327041758589684,0.30601663340329577,1.3844241157095658,-0.9254196067626126,-0.9094961318747269
1.5400000000000011,12.395265749026114,-6.492255935066085,0.46484556189650217,-0.5693242920149685,0.9976397940556854,1.3036886621586607,-0.3994261957748865,-0.08327642368164147,0.30600935484593045,1.384437295496032,-0.925392981679561,-0.9094687404597612
1.5420000000000011,12.666768701996208,-7.066164577303148,0.5361700780229828,-0.5619176895299135,1.0009982752471613,1.2879644990481982,-0.39943245049884746,-0.08326962863286162,0.30600788394122785,1.3844488853359955,-0.9254737984174765,-0.9094868969182383
1.5440000000000011,12.815725650286783,-7.035625382002152,0.3251033014194643,-0.5698573950340715,1.0073968934559572,1.2869687225292108,-0.3994346280946047,-0.08327384159594012,0.30600794532820114,1.3844511818245056,-0.9254425939822991,-0.909480236396161
1.5460000000000012,12.616271801423775,-6.67574964489417,0.22270615795917417,-0.5687104222576983,1.0053306509028628,1.2983814170713264,-0.3994436245815242,-0.08327697533582701,0.306004984540435,1.3844430543108692,-0.9254606953829243,-0.9094985312565717
1.5480000000000012,12.758261223860343,-6.6790569962503845,0.07288299411268308,-0.5798090943850361,1.0029755918971275,1.299979735317885,-0.3994265410838434,-0.08326302198519583,0.3060065905192775,1.3844314034137313,-0.9254342678297353,-0.9095027566725725
1.5500000000000012,12.723974985672154,-6.308121893710176,0.13370668089629945,-0.5836159146923582,0.9971079436360236,1.3025446561385454,-0.39942917465525396,-0.0832838123557253,0.30602035325363336,1.3843859304504007,-0.9253897149878845,-0.9094399521260109
1.5520000000000012,12.786509950231077,-6.345997947373855,-0.03284071484348697,-0.5839920288785212,0.9893925072063168,1.2983578301471057,-0.39943742130895965,-0.0832782974608332,0.3059988811603318,1.384456130365451,-0.9254770581763432,-0.9094666117389898
1.5540000000000012,12.820131148676683,-6.770593360495258,-0.13646714654813083,-0.5696863239062913,0.9975796317436421,1.297910183386705,-0.3994310650320466,-0.08328510815994622,0.30600696120739024,1.384426531422843,-0.925430048955491,-0.909466804593534
1.5560000000000012,12.987233888885033,-7.01172474009139,0.03419328610623987,-0.5656454225862377,0.9960749271952772,1.2910827193556005,-0.39943014099640173,-0.08328453929797248,0.3060136241626357,1.3844266392238767,-0.9254298391338142,-0.9094668532213938
1.5580000000000012,12.773918132686724,-6.811228335768979,0.26484096979976673,-0.5565615086906308,0.9926323034562022,1.3008759151575031,-0.39942655239062747,-0.0832576540802075,0.3060134339952716,1.3844200295217441,-0.9254503499991251,-0.9095028996185517
1.5600000000000012,12.801542320799456,-6.5684350265856395,-0.041472824205528336,-0.5653943436519376,0.9933395834926263,1.309220329025631,-0.399434273166005,-0.0832721842425409,0.30599690855226847,1.3844633931918473,-0.9254699580477653,-0.9094754949526467
1.5620000000000012,12.831370914823164,-6.761931288563854,0.15235970726241554,-0.5638005120049513,0.9880127703298779,1.302166804582336,-0.39942737831407565,-0.0832826580224541,0.306004986979236,1.3844337883761852,-0.9254229790622424,-0.9094756597109465
1.5640000000000012,12.653742976979846,-6.561666279699173,0.0560443735984507,-0.5683821036161125,0.9851451788119419,1.2987124280234126,-0.3994369163366943,-0.08328479302176095,0.30601851848754424,1.3844151315626096,-0.9254249747769989,-0.9094694658808921
1.5660000000000012,12.317059035686196,-6.246321690452928,0.03392254423268447,-0.572575983738726,0.9773315055078828,1.3025812939221841,-0.39942643914034015,-0.08327238561431523,0.3060020704387851,1.3844401079402455,-0.9254376601573974,-0.9094825792939075
1.5680000000000012,12.755610223661435,-6.553914646140312,0.13478653615005928,-0.5635795893573413,0.9738346971757879,1.2958559832259693,-0.39942980816099194,-0.08329251956451429,0.3059969101215042,1.3844980425553899,-0.9254092713808587,-0.9094480288709408
1.5700000000000012,12.588065049744696,-6.770290489538258,0.24058525957578636,-0.5614307103049359,0.9764539832806449,1.2961712772609455,-0.39941791992485604,-0.08327221247456384,0.3060159765444711,1.3844080440130437,-0.9254326734323806,-0.9094601719922419
1.5720000000000012,12.822345396982715,-6.649795551151469,0.3849226408532649,-0.5680170496345421,0.9753105812147499,1.2902982921918078,-0.3994254148143661,-0.08327855890572433,0.3060252193518647,1.3843917270769788,-0.9253927684827424,-0.9094763874485411
1.5740000000000012,12.645033866121931,-6.697872001627595,0.06445049368723912,-0.57029479169246,0.9890907194093,1.294189501322467,-0.3994183586842364,-0.08326843766403602,0.30600169827048695,1.3844302947848426,-0.9254435587125368,-0.909455246352051
1.5760000000000012,12.909186096381898,-6.811375215977101,0.10581495596824234,-0.5648398130293821,0.992513579843063,1.288050773443423,-0.39942990880845597,-0.08327331470575187,0.30600713128715806,1.3844297529562581,-0.9254540725521462,-0.9094826953176414
1.5780000000000012,12.666346136978342,-6.076699279675699,0.5703184088678745,-0.570767219944057,0.9826314342122984,1.3024519310353428,-0.39942277811200877,-0.08327682041485027,0.30600105492701996,1.3844782399538629,-0.9254226882548625,-0.9094686699350145
1.5800000000000012,12.551158698368202,-6.3554703006575135,0.1987497188058199,-0.5822508262832272,0.9905777643674429,1.2968613330349223,-0.39943397755815163,-0.08327881792218265,0.3060167888231662,1.3844282060854989,-0.9254102394162352,-0.9094873450344463
1.5820000000000012,12.551722897668414,-6.403203232313451,0.1631703099405429,-0.5712217591465621,0.9938375059182738,1.304641568832464,-0.3994293491522496,-0.08329506221923347,0.30599036225266285,1.3845446548098943,-0.9254195053602339,-0.9094113550854916
1.5840000000000012,12.48265294702858,-6.183653733210685,0.2222640631878236,-0.5728501444972891,0.9863290562465011,1.3134618441514456,-0.39943037255671676,-0.08328041126990371,0.3059992591238279,1.384449399205262,-0.9254414032820404,-0.9094621450802178
1.5860000000000012,12.80810620110682,-6.6413547584288555,0.024619723496515422,-0.575823152611083,0.9968601817815785,1.3010220455773804,-0.3994264842255677,-0.08327928361324806,0.3060030053603659,1.3844643598784825,-0.9254372232190965,-0.909450783151837
1.5880000000000012,12.644303330900998,-6.679596086135852,-0.08611614417654737,-0.5671302907891013,1.005547772476178,1.3086228780016516,-0.39943085678547674,-0.08327410075925913,0.3060114623839077,1.3844051745245747,-0.9254314197984496,-0.9094417359019527
1.5900000000000012,12.558881849652856,-6.63480584047122,0.17246133666035393,-0.5659572102542216,0.9992341977757675,1.3096832517655959,-0.3994245075216076,-0.08328764023338386,0.30601513982097955,1.384455795557529,-0.9253895181624846,-0.9094758090519479
1.5920000000000012,12.723990707439174,-6.601401259262559,0.3253443057772637,-0.5739956182665983,0.9961251440688162,1.3085231500618455,-0.3994255306529828,-0.08327043839449055,0.306020783047842,1.384389050576276,-0.9254457044096174,-0.9094806035083667
1.5940000000000012,12.733855030730654,-6.8424799752640455,0.2965450522195976,-0.5780684869912522,0.9898015427059645,1.2958720527378162,-0.39942119164246803,-0.0832786149516114,0.30600548571135144,1.3844430145938267,-0.9254483800116796,-0.9094527267135482
1.5960000000000012,12.490993959924909,-6.4506578841794795,0.15782893657806268,-0.5760579132896787,0.9854392742048704,1.307034909650284,-0.39941797943799806,-0.08327100940376507,0.30601256545168976,1.3844164137442958,-0.9254150517682577,-0.9094416304846387
1.5980000000000012,12.728613288899133,-6.56687090940375,0.1064118968505088,-0.5718643263342453,0.9894719966927332,1.3000843505455484,-0.3994279806909018,-0.08326402541659685,0.3060074630885832,1.3844476453532937,-0.9254521054517405,-0.9094890343335303
1.6000000000000012,12.531216067113009,-6.455392844543584,0.27705175008180055,-0.5671121338848254,0.9885567073312441,1.3040015042458517,-0.39942796859043117,-0.0832748839574482,0.3060050412815839,1.3844722004860255,-0.9254517603686985,-0.9094573182692879
1.6020000000000012,12.349477073547764,-6.269903484125033,0.3867728704289274,-0.573150063885917,0.9901291102647921,1.3148402296246762,-0.3994264574124991,-0.08327383290435708,0.306004131717965,1.3844628066232687,-0.9254265633487258,-0.9094800248529802
1.6040000000000012,12.573980635912903,-6.76826098570392,0.15536935557020232,-0.5760985526595048,0.9929755355822703,1.3019956927728416,-0.3994269485853434,-0.08327674549769798,0.30600942097524525,1.384404814737388,-0.9254422743663742,-0.9094691176774894
1.6060000000000012,12.737469357759977,-6.66250478437392,0.27153637729401436,-0.5716005699324738,0.9930900244876215,1.297764874011901,-0.3994243529990171,-0.08326442699779497,0.306004304851059,1.384467450012956,-0.9254395306147124,-0.9094682976030086
1.6080000000000012,12.403998281858957,-6.49088003948223,0.3869515838826012,-0.5780314029509084,0.9885565043797025,1.295790482077812,-0.3994274788308542,-0.0832771347083193,0.30599074306392293,1.3844906611037417,-0.9254714397007779,-0.9094618294635851
1.6100000000000012,12.428064203877682,-6.447895858593302,0.3402687077501454,-0.580787747877788,0.9876408263179249,1.298763357921992,-0.39942131593235825,-0.08327585992834308,0.30600548886031986,1.3844606026618607,-0.9254249673986759,-0.9094619486461339
1.6120000000000012,12.477577941242096,-6.786506472018962,0.04796535307183401,-0.5782754722943344,0.9882245637098594,1.2935028422779626,-0.3994271037368442,-0.08327166448468756,0.3060150837641925,1.3844167587463725,-0.9254365811654747,-0.909439367713926
1.6140000000000012,12.334607348876172,-6.394704194651673,0.09694174318290552,-0.5826416077192652,0.9963612372062155,1.3091282894817275,-0.3994159232343379,-0.08326825367839645,0.3060096457055921,1.3844231627971029,-0.9254291338880922,-0.9094484924869611
1.6160000000000012,12.516450848935422,-6.863662103010867,0.04147732311634246,-0.5690864007857869,1.0004324109955909,1.293899615152883,-0.3994221155652734,-0.08327918373917442,0.30599882306990983,1.3844360577636217,-0.9254559507365953,-0.9094436928967357
1.6180000000000012,12.61602795630987,-6.7481582637247355,0.3327773842185546,-0.5608097274613759,0.9999363646633852,1.3037801491522802,-0.3994273244969483,-0.08328122979523411,0.3060194307860547,1.3844049277941088,-0.9254092973005907,-0.9094443157239357
1.6200000000000012,12.55646289836154,-6.336117134301238,0.3318830386015788,-0.5700585837197555,1.0001189120911547,1.3118313559371384,-0.3994275810114362,-0.0832677711118746,0.3059952631502723,1.3844612715737603,-0.9254902783431123,-0.9094548709970287
1.6220000000000012,12.629538772691522,-6.462778773346193,0.4049373661278957,-0.5740708892157453,0.9950751812795917,1.3041835384469804,-0.3994226799049691,-0.08328240557948349,0.30599978322188565,1.3844806364909852,-0.9254332968379205,-0.909438927529666
1.6240000000000012,12.441298407827151,-6.396690187908334,0.2314042288736159,-0.5800513186592484,0.9974015695108488,1.3076257449606015,-0.3994207734064128,-0.08327147860708439,0.30599805384539663,1.3844618275581608,-0.9254576618232466,-0.909430030065087
1.6260000000000012,12.539111746448665,-6.548535360818859,0.1249221461669443,-0.5801231850090779,1.0021693381021206,1.3067721466795599,-0.3994298038077769,-0.08327744493484374,0.30601473147704095,1.3844331167981276,-0.9254017131876293,-0.9094779846781155
1.6280000000000012,12.641805206483799,-6.508333535762111,0.011994568764299607,-0.5770702571519389,1.0042340513143855,1.3034490999415442,-0.39942399572528453,-0.08327081874104716,0.3060133478759898,1.3844289778055847,-0.9254321566636156,-0.9094849859917562
1.6300000000000012,12.688636059473112,-6.942331418581437,0.2906566619216906,-0.5776759205259355,1.00043789661209,1.2972489371996592,-0.3994284173456306,-0.0832697259935063,0.3060029445649117,1.384456218599748,-0.9254556146181703,-0.9094687060499297
1.6320000000000012,12.913160425046133,-7.043790261131304,0.3112324765919187,-0.5646847121457904,1.005226384261459,1.2987210673846634,-0.39942838349174653,-0.08326145823985731,0.3060053157022897,1.3844213453262568,-0.9254724369960993,-0.9095006310353723
1.6340000000000012,12.6155266930806,-6.649187211794512,0.24129002546045902,-0.5655841926646841,1.0090654719342393,1.311121424547584,-0.39941514421023416,-0.08326633642237057,0.3060017837423338,1.3844288025782787,-0.925463861907297,-0.909434742553727
1.6360000000000012,12.399561399878483,-6.56543229872778,0.2778369473553108,-0.5758115704538708,1.0028002729527,1.3144170283021788,-0.39942495939410144,-0.08327822416221163,0.306001987480012,1.384448793659747,-0.9254197001407862,-0.9094643637402801
1.6380000000000012,12.837027952000511,-6.833203020538962,0.07372103791986993,-0.5805341495218174,1.0068677500325436,1.3003088534429437,-0.39942003898786504,-0.08326016025248564,0.30599489259172524,1.3844858464686476,-0.9254591948908073,-0.9094726712213502
1.6400000000000012,12.552210313968803,-6.720822928036823,0.1953666130892979,-0.5797452820043063,1.0019397619996584,1.3042081726825874,-0.39941407855809213,-0.0832682945237221,0.3060086237370731,1.3844313892078122,-0.9254649886419063,-0.9094531582390489
1.6420000000000012,12.638327266124673,-6.714568654223944,0.20215172510468407,-0.5806423470896965,0.9978684549663518,1.3035870663853875,-0.39942409448121297,-0.08328050691309498,0.30600746623857233,1.3844614491615965,-0.9254139853125606,-0.9094348208775175
1.6440000000000012,12.554230904211455,-6.509982068937138,0.2907806056410739,-0.575824677241381,1.00035132738132,1.304881257631914,-0.3994240857676629,-0.08327225809409153,0.30598901534460893,1.3844871030929187,-0.9254699091352752,-0.9094434358290289
1.6460000000000012,12.544012381932227,-6.604829039326962,0.023723835163373425,-0.5774061902313413,1.0074607918377319,1.3124896694529704,-0.39942998513138067,-0.08327080303873298,0.30601265885318274,1.3844316923959663,-0.9254652136169642,-0.9094528798606828
1.6480000000000012,12.672188468507006,-6.71297658170417,0.39534570699604293,-0.5676842991726776,1.0068959081856481,1.3090273526470695,-0.3994310753055393,-0.08328517254447793,0.3060123525031954,1.3844313973696896,-0.9254427423345366,-0.9094552609584846
1.6500000000000012,12.504343100475946,-6.625780131943264,0.3748307675031225,-0.5753370813013361,1.008608084357747,1.305101732307653,-0.3994194672139718,-0.0832678564790218,0.3059970334807771,1.3845043056723498,-0.9254566804618615,-0.9094796499190959
1.6520000000000012,12.529880329130158,-6.500570992244987,0.5418307923690572,-0.5857899842866545,1.0029551524935094,1.3083400742921667,-0.39942329252777387,-0.08325265311875898,0.30600904707184373,1.3844087361514188,-0.9254566718996514,-0.9095321479396021
1.6540000000000012,12.533459915578732,-6.45787068329496,0.1822822710934818,-0.5900124161773699,1.0034429481481162,1.3014026037978523,-0.39942415458003416,-0.08326692789489279,0.30599567790013155,1.384476178344,-0.9254862036200101,-0.909443484453659
1.6560000000000012,12.447570785673197,-6.483454765719566,0.3799415449601179,-0.5844384895309132,1.004032871831364,1.3003578492430103,-0.39941645933807896,-0.08326721165710768,0.3059886418111712,1.3844870730047911,-0.9254699648279135,-0.9094433893309897
1.6580000000000013,12.472602697352297,-6.483863827006923,0.3864645769426115,-0.5870257281707558,1.0045475453640105,1.3037507432855007,-0.39941203022332833,-0.08326692159059963,0.3060023744388913,1.3844559715789817,-0.925455280349703,-0.9094690099452216
1.6600000000000013,12.564638783548833,-6.738634663921923,0.36583560825048667,-0.5803461380028819,1.0105783225713127,1.3021873381184275,-0.3994188695103088,-0.08326866790054754,0.3059982159756773,1.3844781913151956,-0.9254767903348831,-0.9094914232309615
1.6620000000000013,12.62509148590533,-6.849128093530576,0.8341802646047924,-0.5713437888590248,1.0074521770204796,1.304587386728175,-0.3994138530606773,-0.083287367936407,0.3060049450030745,1.38445468489639,-0.9253992174258711,-0.9094280411705924
1.6640000000000013,12.555716061358416,-6.686552423906862,0.4751025406620841,-0.5761934870804678,1.0177357045219475,1.3083404176127582,-0.3994185078780768,-0.08326858469053472,0.3059948910249981,1.384483312005312,-0.9254572956318851,-0.9094548526698759
1.6660000000000013,12.229809131417372,-6.541234712901828,0.7293403970435866,-0.5733113139083026,1.0106361648769473,1.3110230386306363,-0.3994193162193924,-0.08328015718192702,0.3060066760000071,1.384446810996554,-0.9254176336096996,-0.9094459523221017
1.6680000000000013,12.789955256850298,-7.134138306537107,0.8058016176550304,-0.577821326831439,1.0075868430330763,1.29358126830986,-0.39942116836853486,-0.08326752859514411,0.3059992362988663,1.3844452279623638,-0.9254721923690569,-0.9094687581201022
1.6700000000000013,12.373664787552814,-6.451504520838796,0.6816202511125746,-0.586341460929337,1.0079960602402314,1.3137244728466242,-0.39941332896983756,-0.0832666005281626,0.30599095725736775,1.3845349110694904,-0.9254491612648695,-0.9094566380684681
1.6720000000000013,12.50225573434707,-6.707287985380327,0.4730692829878551,-0.5809475425038033,1.0124520682914853,1.304877518506616,-0.39942544793081297,-0.08326896269910339,0.30598901065365003,1.3844887833081192,-0.925482117403419,-0.9094889954108968
1.6740000000000013,12.325036816152494,-6.586739119024077,0.5528906621551685,-0.5827591926463738,1.010017150595612,1.3148007573541396,-0.3994207317358293,-0.08326182811194315,0.30600375471458313,1.3844367916288052,-0.9254685360837589,-0.9094892658731974
1.6760000000000013,12.51078367003445,-6.5405516804955575,0.35419349563856384,-0.5816714936476679,1.0145561204188198,1.3130235783931519,-0.39940750028393235,-0.08326808875572315,0.30599689324824597,1.3844757794879403,-0.9254214486425928,-0.9094503370041136
1.6780000000000013,12.590978456004978,-6.555456886752172,0.18189902841641,-0.5853931747957564,1.0252649725073424,1.313635611803309,-0.39942019319044303,-0.0832654911018503,0.30600375314026984,1.3844299367543849,-0.92547592720385,-0.909480252181674
1.6800000000000013,12.583826866364948,-6.592527568985616,0.49850312372641914,-0.5778886099479151,1.016175065940381,1.308139439348021,-0.3994223025550669,-0.0832642404845056,0.3059749650840085,1.384512779892856,-0.925504113927316,-0.9094543900922326
1.6820000000000013,12.68468558468884,-6.348996241029436,0.37549779565718167,-0.5893231524823476,1.0145781536491596,1.3131068158012607,-0.3994131003872101,-0.0832567787391057,0.306003622378833,1.3844291007722764,-0.9254757828179159,-0.9094801961906829
1.6840000000000013,12.675840421050983,-6.4774970001872205,0.18817556798351692,-0.5999441172805708,1.013810933502366,1.3033306528744084,-0.39942128951262185,-0.08325418016531977,0.3060072698617108,1.3844429825240019,-0.9254610924800216,-0.9094980673154567
1.6860000000000013,12.547629336139378,-6.400258456341176,0.5886921172109743,-0.5950986384466044,1.0038792427107577,1.3045703351438613,-0.39941558547972694,-0.08326385207221146,0.3060053533293639,1.3844269269602338,-0.9254741310891469,-0.9094621664874792
1.6880000000000013,12.41320485309722,-6.760365669808838,0.3582936963889206,-0.5855029418054158,1.0138196211387247,1.3019578629336084,-0.39941242189639403,-0.083267363249368,0.305988875724368,1.3845205414373416,-0.9254423101485083,-0.9094408733773932
1.6900000000000013,12.612257577156289,-6.85663217190589,0.560780949542367,-0.5706354574138204,1.007327473934642,1.3076048622981917,-0.3994153385061524,-0.08326533775365443,0.3059831717524952,1.384556939177779,-0.9254376736891734,-0.9094538131455404
1.6920000000000013,12.538645109778841,-6.72529225144133,0.21965464242472688,-0.5733953452166499,1.0187756503877314,1.3096894796239096,-0.3994248081453927,-0.08326189436435763,0.306002218337148,1.3844409253657726,-0.9254597568861197,-0.9094799420654098
1.6940000000000013,12.323231368849797,-6.444974174243354,0.534439339226565,-0.5749421546348632,1.0123417396526073,1.3158485787745977,-0.399413171462005,-0.08327608418173929,0.30600184453542856,1.384457795116793,-0.9254228749981047,-0.909443595426788
1.6960000000000013,12.505074815056805,-6.634853951313257,0.5154376061322302,-0.5858911437165439,1.0078605135066991,1.3049167409567246,-0.3994108122145226,-0.08327461560667092,0.30600340151495414,1.384502858678421,-0.9254109253842459,-0.9094092298001685
1.6980000000000013,12.61827298818287,-6.532598881905186,0.48166401346955023,-0.5811809734573056,1.0085210700883236,1.3011236456477564,-0.3994107456581381,-0.08326483548705166,0.30600362710396384,1.384459274638184,-0.9254246926645292,-0.9094619520265868
1.7000000000000013,12.468158804348437,-6.512429395277351,0.6789656709731702,-0.5844032259968526,1.00494376066078,1.301485989587783,-0.3994165350762892,-0.08327833253240396,0.3059949518179027,1.384484634641094,-0.9254460466457957,-0.9094274057751078
1.7020000000000013,12.621571489766238,-6.700629389181437,0.4761686652387719,-0.5767452661277868,1.0061636975154944,1.2998702183542163,-0.3994127915248381,-0.08326882926430546,0.3059888710402931,1.3845194190956422,-0.9254528833159948,-0.9094682835065617
1.7040000000000013,12.382995983851659,-6.534873782853927,0.2844873987189022,-0.5700646444146931,1.011113151674853,1.3138486639444844,-0.3994180601046416,-0.08325202298262493,0.3059932209698773,1.384476894441386,-0.9254771283966454,-0.9094908995499313
1.7060000000000013,12.88783871727734,-6.870384877710624,0.314321647056021,-0.5676175477380483,1.0114495296966972,1.2996386144910745,-0.3994223010406367,-0.08327371628741827,0.3059847246235043,1.384485404097926,-0.9255114592542971,-0.9094210195797587
1.7080000000000013,12.531700915690124,-6.6655965209628985,0.33859653743996454,-0.5726991772184422,1.0113745382114623,1.3101829517260182,-0.3994236937103661,-0.08326520935134496,0.3059969243223555,1.3844674576942604,-0.9254825767298247,-0.909463987086189
1.7100000000000013,12.456226065535574,-6.325611561793615,0.023461232866473697,-0.5814989128118697,1.0144235866012357,1.3184778613766237,-0.3994189724926398,-0.08325787028096082,0.3060006510954196,1.3844401638569457,-0.925491959981382,-0.9095051224127498
1.7120000000000013,12.638603408155983,-6.522096165646456,0.37524963179421966,-0.5787557915651678,1.0084682374135625,1.310679528296783,-0.39942277331943954,-0.08327826466881348,0.3059945055583681,1.3845139516443206,-0.9254493099990794,-0.9094321477997255
1.7140000000000013,12.65173264850297,-6.55604029735296,0.32981824910543556,-0.583271973690376,1.0012464660591647,1.3080672740784356,-0.3994145614872068,-0.08326317132429403,0.30599773617841414,1.384470101347774,-0.9254624597643405,-0.9094845754312769
1.7160000000000013,12.36575830949354,-5.921539390181916,0.4304323851553429,-0.5872937981645321,0.9962238549047913,1.3244939643228242,-0.399416436785749,-0.08326162900379674,0.30599654587135416,1.3844594552409408,-0.9255005670292753,-0.9094823652267428
1.7180000000000013,12.495177346938032,-6.426991066671276,0.3174386300479482,-0.5796629926458338,0.9983451931051782,1.3172776616395452,-0.3994140874977663,-0.08327527011385562,0.30599851174472587,1.3844536894616075,-0.9254320059796596,-0.9094527074886484
1.7200000000000013,12.866822199365235,-6.748818213461757,0.506116563753936,-0.570328945375031,1.000131380008588,1.309452183142185,-0.3994190220939011,-0.08326890356646276,0.30599162059567364,1.3844830330799396,-0.925457295213433,-0.9094548757399771
1.7220000000000013,12.774345186123202,-6.65406889731713,0.2860164774368844,-0.5787699231736678,1.007719356357072,1.3087227344279653,-0.3994137587100187,-0.08326948387771854,0.30598768382015135,1.3845170139083633,-0.9254727920583034,-0.9094479799805999
1.7240000000000013,12.795299911016208,-6.60683394067899,0.5754968706258337,-0.5680948391445796,1.005032880137916,1.312556836103789,-0.39940780266127046,-0.08326552175782773,0.3060126605111425,1.3844397245224007,-0.9254156589754237,-0.9094849403696068
1.7260000000000013,12.904487220132856,-6.800271235588911,0.23821122760986296,-0.5786226552585543,1.008265231099162,1.3020029978996792,-0.39940976569373365,-0.08326962024769313,0.30599242947889665,1.3844749374212697,-0.9254532296618351,-0.9094752278922176
1.7280000000000013,12.66103627598861,-6.48736138544427,0.2821575674991134,-0.5869105740259383,1.0033712609048606,1.3049304514266498,-0.3994160497418777,-0.08326696185012981,0.3059920337753366,1.3844869018879886,-0.9254697545838154,-0.9094434610229961
1.7300000000000013,12.489700253095702,-6.298540326669977,0.26840445502953725,-0.5874184715419668,0.9982536673779224,1.3091029585208906,-0.3994221957888928,-0.08326960058149821,0.3059947802245203,1.384467280166996,-0.9254608440104488,-0.9094664760513139
1.7320000000000013,12.595067336393095,-6.508385700807809,0.5472200244666641,-0.5768147694311814,0.9937287051891157,1.3043882981082449,-0.39942274004162387,-0.08328382293474737,0.3059965142612853,1.3844844092084945,-0.9254242704072035,-0.90942981407621
1.7340000000000013,12.409660870011656,-6.462965741345109,0.3339041484243126,-0.5736666897961954,1.0024212796457457,1.3123634153021584,-0.399426308688996,-0.08328056997228965,0.3060008564111343,1.3844452078503022,-0.9254497114483746,-0.9094711568657277
1.7360000000000013,12.52247025851194,-6.7189009792643315,0.678213345966991,-0.5714708871576298,0.9968405000969208,1.3037648673238111,-0.39941694396911526,-0.08326730722290647,0.3059951757987657,1.3844371294651996,-0.9254686977284052,-0.9094894368300219
1.7380000000000013,12.481403706461847,-6.722324431282283,0.6262849938077166,-0.5687607583167866,1.0020065567836414,1.3044723976771462,-0.39941899181445195,-0.08325388537590152,0.3060041646106325,1.3844396368281118,-0.9254917604290395,-0.909505089741028
1.7400000000000013,12.403323109244482,-6.388125213686785,0.32292719222943866,-0.5766698847551505,1.0075649099073283,1.313993836783216,-0.39942171983986513,-0.08327185852553451,0.3060012565366204,1.384404843857458,-0.9254640075081032,-0.9094668876192067
1.7420000000000013,12.522234673366366,-6.4985651061495835,0.2246179280061032,-0.5784220456194409,1.0049154616933251,1.3072548111044635,-0.3994180391237505,-0.08326548329955452,0.30599946707661463,1.3844567580067544,-0.9254774593370896,-0.909466366220879
1.7440000000000013,12.440729444896613,-6.415958622276371,0.4787148863371936,-0.5841895010640051,0.994703043865279,1.3078405665569994,-0.39940966850300696,-0.0832573002817809,0.30598808590095145,1.3844905208833858,-0.9254719713450648,-0.909461350391006
1.7460000000000013,12.320734202414519,-6.3967972223917675,-0.012479558392226198,-0.5842518081920731,1.0033653344732307,1.3108224253799365,-0.3994120902659343,-0.08327536581208536,0.3059944081504955,1.3844798354398151,-0.9254332217614715,-0.9094389634507635
1.7480000000000013,12.39034116976038,-6.660200365919682,0.07258932893276279,-0.5673016953724933,1.0058478016990415,1.3081077285170712,-0.3994179919575177,-0.08326965385239729,0.3059863297301632,1.3845204719074917,-0.9254636976384426,-0.9094387971821418
1.7500000000000013,12.434374599719908,-6.531564365797348,0.17724882843369735,-0.5688961618054879,1.0023139012606748,1.316790948494109,-0.39941867450343327,-0.08326711350402205,0.3060085099093236,1.3844279374768325,-0.9254643596582766,-0.9095101889074333
1.7520000000000013,12.463608339584757,-6.381113761111805,0.3528318599722212,-0.577441221973265,1.0043563184785935,1.319397640658994,-0.3994242696123349,-0.08326555740827274,0.3060022167623888,1.3844340705593194,-0.9254671480499053,-0.9094709283679393
1.7540000000000013,12.806278050743686,-6.594579983286964,0.48113193319895464,-0.5633538548356222,1.0042821623185127,1.3135380313766831,-0.3994217512955684,-0.08326251726841356,0.30600262836145037,1.3844478597365109,-0.9254736170118857,-0.9094869797628137
1.7560000000000013,12.586229594725399,-6.513749854985355,0.3611952754778643,-0.5770610110970726,1.003310549978669,1.3101724157395125,-0.39942272647367527,-0.08326455473728589,0.3059981115001749,1.3844700000167731,-0.9254625211766337,-0.9094844705238815
1.7580000000000013,12.529746502158412,-6.312171849993809,0.3690560059904469,-0.5859199647943627,0.9969939980816456,1.3089343682375818,-0.3994166344452449,-0.08326456294118068,0.30598316391095015,1.3845200181898942,-0.9254962523703049,-0.9094637437177507
1.7600000000000013,12.43784600626169,-6.294900624838254,0.09621796359534929,-0.5836691990548086,0.9979541465770401,1.3085880646445733,-0.39941291284090696,-0.08325548119654837,0.305996904326664,1.3844896395459005,-0.9254713762093104,-0.9094614718699532
1.7620000000000013,12.329042131676669,-6.514409302045978,0.2950294494197232,-0.5757294618826861,0.9934324706961027,1.3149023971896217,-0.3994150825248637,-0.08326630723230727,0.3059932209698773,1.3844687596929768,-0.925471929375769,-0.9094368095964984
1.7640000000000013,12.459525938584168,-6.751672377454612,0.28619955490077176,-0.5774175821676673,0.9973957420690645,1.304821886955051,-0.3994164783720413,-0.08327127942190855,0.30599084500574075,1.3845053127103923,-0.9254673149854021,-0.9094504437734087
1.7660000000000013,12.331081296735501,-6.305849044264006,-0.03139108074919977,-0.5765205646975035,1.00734294337087,1.3174443346331393,-0.39941708762544137,-0.08326759430796771,0.3059939949441009,1.3844604469052344,-0.9254469227351834,-0.9094595430074961
1.7680000000000013,12.579421953651874,-6.627231564445427,0.5984276830703111,-0.5678728245845815,0.9977781816353974,1.3054133389613751,-0.39942419298764587,-0.08326950481753609,0.3059988838628962,1.3844411340797613,-0.9254596279868715,-0.909480220111914
1.7700000000000014,12.663596932921905,-6.852777070681804,0.17650788187660355,-0.5727698405614864,1.0064395663529384,1.3048899977633224,-0.3994212832498748,-0.08326615800549536,0.30600577496486,1.384403256496311,-0.9254529906014537,-0.9094963807035639
1.7720000000000014,12.420202803304669,-6.306807229508524,0.33938581597159845,-0.5780212622248555,0.9995417237275582,1.3104263169056012,-0.3994188579007075,-0.08327423711502713,0.30600263150532064,1.3844573438337175,-0.9254447871726523,-0.9094415717987133
1.7740000000000014,12.246701205535576,-6.1861348238364835,0.36822697836508744,-0.585186161203379,0.9931754834399503,1.3095215333564527,-0.3994118164872726,-0.08326679183285013,0.3059933877962558,1.384490429809258,-0.9254713408456356,-0.909461808156175
1.7760000000000014,12.188824786093523,-6.324245702628074,0.06710718457742929,-0.5791069682954695,1.0002419109512344,1.3136372797960227,-0.3994203842570187,-0.08326560817147285,0.30599161589650775,1.3844708777201746,-0.9254843730882681,-0.9094822854299244
1.7780000000000014,12.416900280021455,-6.6352864784971,0.043784080837408756,-0.5748640181814488,1.0000821105252307,1.3060448843837762,-0.399420784035252,-0.08326186263869638,0.30600381550862493,1.3844365666061111,-0.9254684307524663,-0.9094893132507749
1.7800000000000014,12.481636256347652,-6.627665042325983,0.1392988551941391,-0.5640720585029,1.0007061185877693,1.3063658970481868,-0.3994161881686099,-0.0832670441671816,0.30597983589578887,1.3845210812769289,-0.9254858142144746,-0.9094362811434797
1.7820000000000014,12.466218758875875,-6.4981712529839335,0.18633336513672993,-0.5698466605516613,1.0013420477921124,1.3114187160676187,-0.39941394850591766,-0.08326816045316393,0.30601540721077214,1.384406267460473,-0.9254216181693129,-0.9094898044703154
1.7840000000000014,12.64262570438501,-6.650198477207562,0.39543374886913807,-0.5681279273432156,0.9986359388833973,1.313345334825899,-0.3994141693091247,-0.08326829944036804,0.3059822072332194,1.3845015612805127,-0.9254768416763799,-0.9094594016981757
1.7860000000000014,12.54729032857432,-6.4700803413789085,0.4620352259664504,-0.5742002615457602,0.998874537401016,1.3109033446056548,-0.3994165405989283,-0.08325507966585016,0.3060000624636116,1.3844628485732766,-0.9254914589711384,-0.9094730442567787
1.7880000000000014,12.487400047634026,-6.348899158081947,0.5733306304847468,-0.5769229415835314,0.98769274371055,1.308038365218819,-0.39942122066816244,-0.08326756312290157,0.30599929709216084,1.3844519890942237,-0.9254645789063541,-0.9094779703279968
1.7900000000000014,12.408537137067267,-6.117437857902768,0.0015541959251316462,-0.5796016865665292,0.9955757143876361,1.3157699633958742,-0.3994171900556278,-0.08327053175215623,0.30599828616728,1.384498093209222,-0.9254316721875068,-0.9094456362630758
1.7920000000000014,12.440923506836002,-6.590915347424865,0.029818850497306343,-0.5773224092601359,0.9916322552938507,1.3093238562048923,-0.3994235172328965,-0.08328292626578701,0.3060053796519924,1.3844529728298804,-0.9254099812372827,-0.9094550907876537
1.7940000000000014,12.514308399982628,-6.406526030698277,0.08992183652690541,-0.5745421981224309,0.9954019575542418,1.3130667608792392,-0.3994202534156665,-0.08326690848162074,0.3060004842393347,1.3844475450490512,-0.9254520318290057,-0.9094892889386944
1.7960000000000014,12.528844440424836,-6.66840592830931,0.36819117307402366,-0.5632350336615398,0.9952980054390136,1.3086974541243779,-0.39941079195780643,-0.08327312645104712,0.30599005824651265,1.384498778140674,-0.9254529108435328,-0.9094433027983293
1.7980000000000014,12.532489100158863,-6.480681040523656,0.05042396552549258,-0.5725577116847796,1.0039393107048113,1.3154026474759073,-0.39940665629585087,-0.08324852233305904,0.30599319638211303,1.3844883013328657,-0.925482227566933,-0.9094886592924295
1.8000000000000014,12.811115103930778,-6.6283226831652495,0.19427703521314632,-0.5732876021502735,0.9990055704485094,1.3053165435164726,-0.3994236937103661,-0.08326520935134496,0.3059969243223555,1.3844881423571902,-0.9254603462701019,-0.9094911218819706
1.8020000000000014,12.399980475547025,-6.180554915038474,0.23197822608704183,-0.5761380756982982,0.9983263758154916,1.314272368230333,-0.3994193452938438,-0.08326910540618421,0.30600048738900126,1.3844418136906036,-0.9254488487613597,-0.9094528661748813
1.8040000000000014,12.597188387223339,-6.574322657045195,0.16974166915842875,-0.5737692094420258,0.9945402415118281,1.3042388728839844,-0.3994174884948008,-0.08325971914616467,0.30599536181445364,1.384474668802678,-0.9254968446351927,-0.9094707436117311
1.8060000000000014,12.457491640078022,-6.506406900693564,-0.18757213807717782,-0.5732910264302816,0.9971929317963331,1.306294634839129,-0.39940725187443327,-0.08328156766446652,0.30601010336463236,1.3844233895590448,-0.9253851939054215,-0.9094531984160366
1.8080000000000014,12.46376039576391,-6.545049625815684,-0.2508889021609153,-0.573295808539168,1.0019247683909176,1.3062236892719277,-0.3994132533998272,-0.08326911359309307,0.30598553992051924,1.3845056668585767,-0.925467710858739,-0.9094502892968108
1.8100000000000014,12.389116606801293,-6.12873228942461,0.2852418012551402,-0.5702159277521871,0.9927394176524077,1.3189398502592726,-0.3994144865706295,-0.08327695944981224,0.305988702602333,1.3845023678061992,-0.9254436988509726,-0.9094342719977507
1.8120000000000014,12.522366535444252,-6.4321089176193755,0.21906936378856354,-0.5666874366059779,0.998477832525894,1.3171211501042623,-0.3994130769488468,-0.08328683035921292,0.3059939949441009,1.384477346479266,-0.9254099848157086,-0.9094232429956962
1.8140000000000014,12.796641797824286,-6.6843341230809346,0.09926103852024867,-0.573848691421847,1.0005070370496945,1.3080405963623758,-0.3994066571003741,-0.08326331674735306,0.30599045713959777,1.384454362295375,-0.9254762337489021,-0.9094481707632043
1.8160000000000014,12.637428698638601,-6.486370265859005,0.23226520220335445,-0.5767733616025921,0.996940738539208,1.3069283533138734,-0.3994165490504671,-0.08327125727054538,0.30599399337186706,1.3844674272926003,-0.9254394446893914,-0.9094686794357973
1.8180000000000014,12.48147988696538,-6.276373433121777,0.046163740694173366,-0.5823597481199224,0.9935791752075168,1.30851278091975,-0.3994146233634308,-0.08326720097533596,0.30598220567240214,1.3844905232427573,-0.9254933759677675,-0.9094593737583193
1.8200000000000014,12.479857780853115,-6.4741419742908715,0.22684895005160943,-0.579538108188006,0.9835546518743019,1.3068996680905696,-0.3994173652891361,-0.08328171856928804,0.3060049594778286,1.3844945297056488,-0.9254072263809758,-0.9094298892863353
1.8220000000000014,12.14062709447572,-5.660978825371112,-0.049802187426605304,-0.5810999448009521,0.9893009949349798,1.3251599970437387,-0.3994182283549943,-0.08327662183632575,0.3060004842393347,1.3844422436284425,-0.9254482492406274,-0.9094528091169023
1.8240000000000014,12.53421394119523,-6.243071808967117,-0.0190835836088058,-0.5699659277242883,0.9943976199245621,1.3137609907402668,-0.39942077448080693,-0.08327004440763766,0.3059959689606706,1.384460038857184,-0.9254466317707201,-0.9094596731714016
1.8260000000000014,12.6111246521984,-6.282450535719171,0.26703514730962563,-0.5703243288058762,0.9909876705199892,1.3145041276748812,-0.39941599287223606,-0.08326148925552321,0.30601422328593936,1.3844034635578923,-0.925441906092452,-0.9094690191715049
1.8280000000000014,12.749036117305488,-6.483026716234486,0.32670730147801175,-0.5688645000884486,0.9941577352258779,1.3107258203784977,-0.39941603209192356,-0.08327376066626832,0.3059875169553475,1.38450637597234,-0.9254568766332303,-0.9094229813507249
1.8300000000000014,12.433412500870702,-6.245063534219556,0.19489122934220088,-0.5721443033900073,0.9987954718278458,1.3149183777681608,-0.3994168889972264,-0.08327009500170236,0.3059853682948539,1.3844898600488331,-0.9254713646268042,-0.9094618653842056
1.8320000000000014,12.295637629495273,-6.048731785342605,0.20936305036203667,-0.5685481740832639,0.9961979627761736,1.3171438502884862,-0.39941899663158237,-0.08327431963533022,0.3059904334005762,1.3844846741630046,-0.9254682078457803,-0.9094254073230434
1.8340000000000014,12.64452715922766,-6.574750596433244,0.2036268966918106,-0.573756321835479,0.9851853959498673,1.3057324228282188,-0.39941518259409503,-0.08326641922371184,0.30600750052861786,1.38445322692838,-0.9254537996604574,-0.9094505697256168
1.8360000000000014,12.52832313513851,-6.61985390995442,0.21840995844753253,-0.5793199236031161,0.9816596226493296,1.3024974622818026,-0.3994275356453265,-0.08326507255022875,0.30600204985180623,1.3844193872349384,-0.9254602271765281,-0.9094550951232979
1.8380000000000014,12.559542493939361,-6.6109631210866,0.03361735316040823,-0.5722274070669431,0.9899968215027899,1.3029421902568201,-0.39942134181247335,-0.08325421469053332,0.3060073306569162,1.384435908332877,-0.9254683479883691,-0.9094891295358215
1.8400000000000014,12.623495797834321,-6.393159833774259,0.3322032454005198,-0.5575097101930161,0.9872148239621743,1.3135190459504658,-0.39941480197441837,-0.08325389050987611,0.30599005824651265,1.3844680420300381,-0.9255047188461805,-0.9094614525019188
1.8420000000000014,12.50319213391337,-6.673791151448526,0.43947949783348006,-0.5571417691578736,0.9916519741726557,1.3075984497710251,-0.39942112075544906,-0.08327430540630132,0.30601578287401116,1.3844035006446247,-0.9254198969716735,-0.9094717295411548
1.8440000000000014,12.625133477357156,-6.472239411360745,0.3133143515841784,-0.5657960513371002,0.999022708782865,1.3111224900590037,-0.39941558547972694,-0.08326385207221146,0.3060053533293639,1.384440762228318,-0.925459262211483,-0.9094803165464488
1.8460000000000014,12.726753760084513,-6.982975676078334,0.2608783816301198,-0.5782098383128631,0.9937002592933954,1.29322527872118,-0.399413965654131,-0.08327382355879298,0.30599321783665784,1.3844760391194764,-0.925463968154896,-0.9094457382978444
1.8480000000000014,12.651245392487633,-6.8028832027249795,0.30122916944306755,-0.5724011100846547,0.9844612511735111,1.2966988013774066,-0.3994150469233151,-0.08326751500613405,0.30600535175500687,1.3844477426378232,-0.9254517844178636,-0.9094894528896691
1.8500000000000014,12.50423182928765,-6.514027341540396,0.001196782304128785,-0.576076213133532,0.9890437785490903,1.3033582206110457,-0.3994237901655997,-0.08327207201113485,0.3060010311838169,1.384460584799364,-0.9254466572191731,-0.9094596381278007
1.8520000000000014,12.2003314991602,-6.26823013732923,0.2935971998839866,-0.5708107099969705,0.9827880818453971,1.3132416360923627,-0.39942038657793655,-0.08326298711164717,0.30601262149721953,1.384406835629091,-0.9254436595991139,-0.9094872366707231
1.8540000000000014,12.323249054203483,-6.5481886169616415,-0.021384524504940244,-0.5705203447233196,0.9924411201686872,1.3115002124158393,-0.3994184044570731,-0.08325890502270031,0.3059920290842757,1.3844775493960888,-0.9254984671801233,-0.9094890206027482
1.8560000000000014,12.562013881791305,-6.643131234455393,0.1320553040685185,-0.57393244208276,0.9874692012949936,1.3071939610395709,-0.399411331023223,-0.08326263690973251,0.3060001184261137,1.3844430691499585,-0.9254379692397118,-0.909425045097584
1.8580000000000014,12.67201028443968,-6.703471748264808,0.14281266209474627,-0.5674421877374554,1.0001893415479628,1.3044039591937755,-0.3994227540771945,-0.08327674758824997,0.30599555568112025,1.3844602159333583,-0.9254251768062096,-0.9094619230920058
1.8600000000000014,12.621345284308436,-6.2924734676044345,0.34949635145836344,-0.5712568672684991,0.9921032537900535,1.3103395022427091,-0.3994217162499736,-0.08327611515046596,0.30599359461335607,1.384500506251321,-0.9254331386188415,-0.9094639909530178
1.8620000000000014,12.584645625438394,-6.489956358211016,0.022981207964122008,-0.5786516434630438,0.9914579324008843,1.3088831360557276,-0.3994229954329165,-0.08328522530205801,0.30598788580627323,1.3845097710266145,-0.9254577377438054,-0.9094412733544125
1.8640000000000014,12.524573671237732,-6.515390813958277,0.13136717560670622,-0.5706166496978567,0.9864791879178487,1.30520103629554,-0.39941364836588283,-0.08326516357676092,0.3059867224361806,1.384482218452394,-0.9254896025206955,-0.9094800327965087
1.8660000000000014,12.310445655744553,-6.244736737892113,0.09910297746527175,-0.5723113497194443,0.9817011838294342,1.3136759920620655,-0.39942043551717105,-0.08326707691182504,0.3059937614955781,1.384486276610326,-0.9254804283915511,-0.909470839646133
1.8680000000000014,12.251031847042247,-6.394245803741631,0.04301508091822595,-0.5709099766858906,0.9831422423842596,1.314897383709912,-0.3994216650074601,-0.08327464640299773,0.3059914489424022,1.3844575742886216,-0.9254666751276738,-0.9094393167465215
1.8700000000000014,12.705161493238553,-6.810807139996848,-0.1529596890969485,-0.562112250855754,0.9943122717979521,1.3080207411448541,-0.3994107594585242,-0.08326478713686021,0.30599797118698996,1.3844344885515814,-0.9254347969908657,-0.9094459925784656
1.8720000000000014,12.55130836534716,-6.432173004915802,0.30936512793887117,-0.5665636207145622,0.9849784909177404,1.319867242782939,-0.3994184376085973,-0.0832548717895924,0.30598988666345717,1.384472920204165,-0.9254861420958701,-0.9095001632992189
1.8740000000000014,12.493246502442537,-6.213161036605111,0.2292617627109309,-0.5723437039303522,0.991990666551456,1.314885662319547,-0.3994130947508097,-0.08328003149486296,0.30599851174472587,1.3844440377712774,-0.9254377322329949,-0.909425572184011
1.8760000000000014,12.693944622645361,-6.610738754856728,0.09255288516289663,-0.5685224932372515,0.9955717794312764,1.305994721300914,-0.3994184044570731,-0.08325890502270031,0.3059920290842757,1.3844705629903016,-0.9255059754202343,-0.9094798559239987
1.8780000000000014,12.361098543341267,-6.3018635052119,0.003823436875469599,-0.5727888680945038,0.9927302949124593,1.3116300948406099,-0.3994197575096056,-0.08327767281632745,0.3060102456896582,1.3844380866828652,-0.9254352639225694,-0.9094643909158656
1.8800000000000014,12.428297885365618,-6.40480977927751,0.36300745489026753,-0.5727509698519808,0.9805172579336001,1.3097049874525062,-0.3994184044570731,-0.08325890502270031,0.3059920290842757,1.3844775493960888,-0.9254984671801233,-0.9094890206027482
1.8820000000000014,12.583591612345174,-6.377392376746468,-0.08118362114226199,-0.5731963328230213,0.9856908618970462,1.3069042391994738,-0.3994201424983954,-0.08326166347491483,0.305997098966582,1.384487184759349,-0.9254700146496576,-0.9094431226974413
1.8840000000000015,12.601757899789906,-6.674565515110096,0.07189598659226278,-0.5616731408463156,0.9820310816765037,1.3057848514004424,-0.3994125347231252,-0.08327286145585908,0.3059754906756169,1.3845701970966517,-0.925454412081108,-0.9094223738828228
1.8860000000000015,12.75647214843077,-6.541518791191027,0.15164856166089172,-0.5571796513649215,0.9906801182983426,1.309733322803939,-0.39941382093686506,-0.08325328426126255,0.30599690119877054,1.3844815359957336,-0.9254894280626227,-0.9094797451232929
1.8880000000000015,12.582360117943653,-6.633626198045183,0.16366934473637224,-0.5635605380220561,0.9937664481982734,1.3078206833608648,-0.3994180548655624,-0.08326824894113696,0.3059928077768486,1.3844717399921005,-0.9254521089778248,-0.9094572093892759
1.8900000000000015,12.747352277626774,-6.4708536993058,0.07562654036584436,-0.5725331788637619,0.9923877759821995,1.3064644865896193,-0.399419745887891,-0.08328304067300012,0.3060034023216829,1.38444261153297,-0.9254265424847273,-0.909455262753743
1.8920000000000015,12.680508635167222,-6.719222954124584,0.07294109175363198,-0.5779072965020687,0.9887070087713062,1.300164716261122,-0.39941885538760685,-0.08327141155254505,0.3060126199143937,1.384397314989348,-0.9254492688350306,-0.909460251841012
1.8940000000000015,12.321020179378102,-6.029517905181847,0.19562793287808922,-0.5719703695330277,0.9810418243136955,1.314883851057747,-0.3994232594056026,-0.08327711788523734,0.3059976998590355,1.3844508790613126,-0.9254524883591713,-0.9094324786688875
1.8960000000000015,12.463694783306952,-6.527232704137461,-0.12408917736454506,-0.5767294996865077,0.9849257664479623,1.3038651215881767,-0.39941076112192997,-0.08327314694519139,0.3060012559829344,1.3844943090437896,-0.9254075087684249,-0.9094296610187603
1.8980000000000015,12.525496534310463,-6.351614230809719,-0.060461335416088224,-0.5703925571082502,0.9822464606437522,1.3107183225891705,-0.399411013155519,-0.0832608036056019,0.30598356450289266,1.3844908536045901,-0.9254936794295284,-0.9094591161479131
1.9000000000000015,12.58963112415999,-6.455144276288729,0.16808347540133367,-0.5637991967612114,0.984790684291533,1.3112062001472915,-0.3994197854748523,-0.08326805523960598,0.30600614193263065,1.384455699186787,-0.9254551314178959,-0.9094689768482638
1.9020000000000015,12.4144222235585,-6.552167370039152,0.21953850085911975,-0.5652916753319409,0.9886735574702864,1.3083547971902074,-0.39941008887572643,-0.08326982208666295,0.3060012960425903,1.3844338544475758,-0.9254446368139579,-0.9094733971176132
1.9040000000000015,12.517562977643488,-6.395954854937134,0.27857603974012535,-0.5680375178834994,0.9906398067168297,1.3099048594596965,-0.3994118359103734,-0.08326280700521133,0.30599690119877054,1.384482916401726,-0.9254786499698452,-0.909452610443589
1.9060000000000015,12.34099967741924,-6.1814681173006125,0.13219367892326733,-0.5725014381240192,0.9901109953523226,1.3181183798924176,-0.3994182874162463,-0.08327947340357818,0.30599930023622757,1.3844754751840183,-0.925420513932922,-0.9094503529335329
1.9080000000000015,12.119606419241373,-5.879097169080369,-0.20957072134601876,-0.5887523498843676,0.984732032961554,1.31657534292075,-0.39941017381920507,-0.08325767055260049,0.3059902297512611,1.3845018678553993,-0.9254770527237048,-0.9094590409430244
1.9100000000000015,12.512801169547384,-6.566602249998975,-0.11900860726945306,-0.5735183878316537,0.9850325624282674,1.303795805301144,-0.3994188746257527,-0.08327287298293484,0.3059851393795481,1.3845208588367015,-0.9254853007275506,-0.9094365876101007
1.9120000000000015,12.61087216822143,-6.525251458950601,0.03518079143442594,-0.5677290907246236,0.9800497848821176,1.3062193859054696,-0.39941462844427944,-0.08326740568646801,0.3059932225368553,1.3844866466426584,-0.9254480339690212,-0.9094458228362642
1.9140000000000015,12.331274095974454,-6.414335708625737,0.1144328839739889,-0.5658012266922546,0.9805613225603407,1.3184262558611133,-0.3994194683005272,-0.08326642229433825,0.3059949486850764,1.3844749834544794,-0.925475242224188,-0.9094731731845898
1.9160000000000015,12.344590399226755,-6.28914930855678,0.0551476488841495,-0.565439954302025,0.9903219116178308,1.3170741008545293,-0.3994227974567774,-0.08327683350782211,0.3060010311838169,1.3844647679285034,-0.9254375141797258,-0.9094506529866575
1.9180000000000015,12.466671447374901,-6.379773566791571,0.23747036696509505,-0.5620832740693725,0.9926526322610603,1.3107551260820471,-0.3994171563534893,-0.0832622641732981,0.30600065738209786,1.3844700696839043,-0.925441133911509,-0.9094865470108928
1.9200000000000015,12.672956287072038,-6.69769558241724,0.16772863122874873,-0.5726848472310322,0.9899208378220179,1.300505077850142,-0.3994179407092655,-0.08326818511011512,0.30598418421440465,1.3844980871290242,-0.9254751506956208,-0.9094410787371693
1.9220000000000015,12.574150967194656,-6.437204780798041,-0.025640304729339924,-0.5757987543494343,0.9898457388936325,1.308896944740162,-0.3994174688600816,-0.08327608234064698,0.30597966892408623,1.3845285988090505,-0.9254457381747244,-0.9094206268412567
1.9240000000000015,12.214138772675476,-5.982922745544315,0.07174133978026487,-0.5752906889845791,0.9825621946271029,1.3177108151133226,-0.3994123628659934,-0.08326451173675761,0.305990059810425,1.3844942960809403,-0.9254625371347185,-0.909452495561869
1.9260000000000015,12.435641443843497,-6.340611526667639,0.15153141239267445,-0.5685571672745889,0.974865608827942,1.3068306208160732,-0.39942405350525967,-0.08327485720991387,0.3059890730091362,1.3844829578281612,-0.9254787123902991,-0.9094527714928502
1.9280000000000015,12.482847965107101,-6.630097796796537,-0.23487196932908863,-0.5623170686878364,0.9894812447802862,1.3086843368718795,-0.3994188320970608,-0.0832673522975102,0.3060016729500963,1.384426468702869,-0.9254526884843355,-0.9094643359741137
1.9300000000000015,12.50101108149764,-6.790188544158887,0.1338580126505341,-0.5624295836516756,0.9833929089343396,1.3041311822625499,-0.3994208804564209,-0.08326872521165166,0.3060079223400994,1.3844227075368734,-0.9254400196549689,-0.9094757993189991
1.9320000000000015,12.406383906602255,-6.250775563377517,-0.008220329265338,-0.5681691152839667,0.9950031641891909,1.3138764307884438,-0.3994164693059817,-0.08327402625041253,0.3060050073748486,1.3844319606926483,-0.9254327495343976,-0.9094281171927564
1.9340000000000015,12.649894365275006,-6.634961398969181,0.1680533571186251,-0.5657349844724333,0.9870139795310828,1.3017611992301625,-0.3994166178290932,-0.08326592713137917,0.30600065581006053,1.3844358185240684,-0.9254779689137682,-0.9094415929315147
1.9360000000000015,12.61329337484074,-6.54200416431761,-0.022012311158253944,-0.5757241603472072,0.989542007343845,1.3054200108967058,-0.39941556192598604,-0.08325979274844993,0.30599440658096316,1.3844630668385602,-0.9254700427968381,-0.9094754146369216
1.9380000000000015,12.400064003649195,-6.400532715207406,0.07121427321584786,-0.5762924439118836,0.9828920545563093,1.304477209064527,-0.3994251052739672,-0.08327294723274924,0.3059878889283335,1.3845258417510344,-0.9254452503926008,-0.9094774487497721
1.9400000000000015,12.088210830194495,-6.285372186371215,-0.38754800128152955,-0.5757207922606022,0.9875921991485055,1.308856047477039,-0.39941705437091796,-0.08327162756221565,0.3059961374297426,1.384471925316518,-0.9254518869576084,-0.9094573851102402
1.9420000000000015,12.237496864921376,-6.51133428518558,-0.40415653195981294,-0.5694518752238765,0.9845974806310754,1.3099533541507784,-0.39941221322780524,-0.08327268263035913,0.3059888694794265,1.3844921842726776,-0.925481992503162,-0.9094319563422464
1.9440000000000015,12.353799724084507,-6.402751728380354,-0.01780650838841233,-0.5657165114906132,0.9796009004098865,1.315937082437264,-0.39942844763200575,-0.0832709200075479,0.30600948018797935,1.3843895053233426,-0.9254676984080101,-0.9094783011992275
1.9460000000000015,12.305392529687445,-6.392727654787704,0.16834909174417548,-0.5626342358085316,0.9864045558012897,1.3129315389307783,-0.39940964317446553,-0.08326271621958549,0.3059868986913757,1.3844921618007793,-0.9254828840211488,-0.9094318820585015
1.9480000000000015,12.571022852994073,-6.531317138734503,0.05276034831381805,-0.5684814575192036,0.9910965100892545,1.31159762425087,-0.39942327698112323,-0.08327031891067568,0.3060022167623888,1.3844382538199473,-0.9254580051379545,-0.9094619431884046
1.9500000000000015,12.485624621285611,-6.322777899607862,0.006130825887493391,-0.5695728772952321,0.992801711385249,1.3133230386746422,-0.399415012237442,-0.08327170897870662,0.3059810169000909,1.3845159510974292,-0.9254832090995871,-0.9094749822890971
1.9520000000000015,12.592397727392196,-6.414298702898859,-0.015318106557870886,-0.5772022908767944,0.981634913593423,1.306884198097039,-0.3994138685729818,-0.08326150342219067,0.3059888741627639,1.3844984713905872,-0.9254753492451265,-0.9094408454339697
1.9540000000000015,12.191369011543518,-6.024246165402555,-0.025977803118501203,-0.5705594694081332,0.9811155445870232,1.3134466253639967,-0.39941478452237056,-0.08326068928044561,0.3059855414817299,1.3845013519997034,-0.9254769715830904,-0.9094591224923241
1.9560000000000015,12.531649387600432,-6.70271799027872,-0.3120118440295704,-0.5621651612250946,0.9841775078976764,1.3008320749098696,-0.399421830212605,-0.08327617885539178,0.306002218337148,1.3844603237370576,-0.9254249669819791,-0.9094619717131017
1.9580000000000015,12.435904693276111,-6.4585581176118385,-0.2925316087321387,-0.5630295342596576,0.985327993010167,1.3102219032327527,-0.3994127915248381,-0.08326882926430546,0.3059888710402931,1.3844987345748363,-0.9254751144264166,-0.9094411489486942
1.9600000000000015,12.431684194796304,-6.650400584301244,-0.22479175039122118,-0.5707639892690748,0.9850482665297837,1.3095160336649967,-0.39941607313470545,-0.08327804815165496,0.30599828303366805,1.3844916745156628,-0.9254384332935588,-0.9094365948534853
1.9620000000000015,12.435736519209993,-6.247871456763399,-0.11461184596144672,-0.5704427021439546,0.9912021672374821,1.315034039970917,-0.3994156672640225,-0.08326390834709749,0.3059843511422133,1.3845155743778732,-0.9254837049503962,-0.9094750622449528
1.9640000000000015,12.711822050008777,-6.663373116941736,0.37368306851137323,-0.5624281406958253,0.9758293470987289,1.3068812207047922,-0.399411362419715,-0.08326789029240063,0.3059933893598242,1.3844874953724298,-0.9254698233281786,-0.9094435068099435
1.9660000000000015,12.447718952351636,-6.272609169788042,0.34720609203079555,-0.5662051774739432,0.9772658285554485,1.3076635345711762,-0.3994136021228949,-0.08326389951355692,0.30599559374485885,1.3844421217378131,-0.9254705825809686,-0.9094506131179845
1.9680000000000015,12.136913117654377,-6.0531991485060805,0.039539380036809665,-0.5758301370169044,0.9770660435400794,1.3157517760805078,-0.3994197993613015,-0.08326800694660863,0.3060004858140455,1.3844654318709018,-0.9254281365378167,-0.909498302627854
1.9700000000000015,12.603504839994649,-6.52132918204963,-0.014927315657133539,-0.5679609423894199,0.9765137962314723,1.3058700963747378,-0.3994086837490719,-0.0832634443749792,0.3059847563988385,1.384505550964801,-0.9254465457971416,-0.909452189440559
1.9720000000000015,12.6725565440656,-6.55200527153246,0.02652513736384715,-0.560624346902705,0.9716095750133544,1.3044570144802607,-0.39941550881488264,-0.08327482632441971,0.30599732302230526,1.3844677798805272,-0.9254388570441078,-0.9094684956360166
1.9740000000000015,12.261816028579599,-6.23594478314072,-0.019760899311778546,-0.5628097581101437,0.9807568158759395,1.3184662275762777,-0.3994217162499736,-0.08327611515046596,0.30599359461335607,1.3844868082064221,-0.9254478610722496,-0.9094460208552314
1.9760000000000015,12.54389728195181,-6.424726064835462,-0.028114120727384923,-0.5623934656903066,0.9854806861826844,1.3117585721542766,-0.3994090332775046,-0.08325410055448254,0.30598397765445984,1.3845113609772661,-0.9254929040590817,-0.9094840006348588
1.9780000000000015,12.367740276144634,-6.299951658604484,0.05799434612255215,-0.5632510584341304,0.9854611188369653,1.3159086988170994,-0.39940965095324965,-0.08326409898443021,0.30598356918646374,1.3845099949425343,-0.9254590933232729,-0.9094408706520728
1.9800000000000015,12.581769329867846,-6.683112009288445,-0.0011240209222924957,-0.5720891956650336,0.9872870377858851,1.3018494636975133,-0.39941750843841334,-0.08327052910264728,0.30599613586065216,1.384474722664023,-0.92545355189074,-0.9094755066919687
1.9820000000000015,12.436709406602175,-6.497130928718931,0.2523788914748296,-0.5687967235081258,0.976229967809151,1.3029550433061736,-0.3994223176021343,-0.0832710470933537,0.30600007415177355,1.3844379447254005,-0.925436389623863,-0.9094642809568163
1.9840000000000015,12.470285963267331,-6.312643222504402,0.13425064153429314,-0.5744986141483585,0.9663645058210678,1.3058991962798676,-0.3994114974842791,-0.0832544939142868,0.30599576686957014,1.3844674491850906,-0.9254613199660332,-0.9094660208821705
1.9860000000000015,12.506965710599477,-6.300125539154664,-0.35688580884788423,-0.5718805654960845,0.9790097808630306,1.3103697936247478,-0.39941701694710907,-0.08326761646011585,0.30599084656687353,1.384525865566014,-0.9254452011719195,-0.9094774265630684
1.9880000000000015,12.370586057771007,-6.2727189491715984,-0.2535151037538784,-0.5619443903580746,0.9850243959460766,1.3113197929245533,-0.39941860975348076,-0.08326322159806829,0.30597531751240586,1.3845351233974246,-0.9254927402436715,-0.9094520724105819
1.9900000000000015,12.289706973918031,-6.091412084621799,-0.1721318730697314,-0.5652082862350116,0.9833515487946748,1.3182617679939028,-0.3994126441530145,-0.08328001435286306,0.3059920385312005,1.3845077525467164,-0.9254236636460149,-0.9093973561062647
1.9920000000000015,12.432622723168523,-6.370606009528307,-0.1182358590721515,-0.5611549395667159,0.9890487015586195,1.316717892478157,-0.39941986190948997,-0.08326660180364062,0.3060069636395678,1.3843821804257757,-0.9254536466156367,-0.9094714274681043
1.9940000000000015,12.586416852052364,-6.2504159837445865,0.24258415988632254,-0.5622273945301464,0.9796717043376628,1.3128228716626849,-0.39941849152597436,-0.08325751854807659,0.30597768576709783,1.3844963302537117,-0.9255184711256487,-0.9094932871409563
1.9960000000000016,12.491560351271328,-6.44004126932278,-0.03694533871113867,-0.5750359319188184,0.9878586055157177,1.3014846696581284,-0.3994129984411766,-0.08327316890958872,0.30599440501167613,1.3844510477276808,-0.9254735040707168,-0.9094301014501678
1.9980000000000016,12.457968365276779,-6.562610803342666,-0.12738370627285683,-0.5609971554884483,0.9842923424797231,1.303021311380603,-0.39941735158748015,-0.08326494451077625,0.30600404559731736,1.3843929814570424,-0.9254587025976921,-0.9094691535818605
